168 23
97 103
0 41
75 19
121 134
98 141
51 85
168 126
49 159
95 104
124 11
146 96
132 35
19 130
164 34
162 95
27 22
168 136
56 85
152 92
16 113
58 129
112 19
121 66
141 51
78 95
78 153
157 104
31 149
124 139
35 159
66 125
98 70
10 84
168 105
85 82
16 68
70 94
121 61
36 157
132 102
43 153
99 150
62 103
145 25
145 48
152 115
93 57
99 98
112 81
107 159
46 87
53 49
0 128
27 128
133 161
38 39
102 125
31 151
93 29
94 10
149 44
78 126
118 22
129 4
80 170
99 25
113 35
51 68
104 118
170 145
137 136
68 11
17 4
128 149
145 5
16 93
155 5
107 102
160 81
80 99
13 3
54 159
113 63
118 89
5 153
52 29
114 85
48 123
28 120
168 147
53 134
60 52
152 49
120 69
161 13
64 152
7 163
108 82
97 132
36 144
42 13
32 12
154 87
59 126
48 83
140 133
56 69
155 156
52 63
62 96
61 89
96 34
7 150
97 141
164 51
38 98
8 24
51 90
0 122
165 75
25 55
57 140
68 66
134 123
155 130
42 161
135 133
145 40
25 79
5 77
89 88
26 97
97 146
149 64
168 130
138 98
7 168
50 72
131 53
3 77
122 66
25 89
61 28
39 53
85 108
55 71
29 168
148 113
83 77
139 50
20 122
100 97
167 64
3 133
48 66
111 15
60 114
44 101
161 57
101 160
126 85
103 58
156 150
12 132
19 44
107 78
116 128
59 4
31 84
74 18
82 28
23 110
2 163
12 24
104 2
124 117
94 49
66 53
18 41
55 154
98 97
88 99
15 102
111 83
168 26
101 152
143 19
68 124
43 137
153 13
68 13
116 2
156 67
2 52
17 136
136 95
126 127
7 110
65 74
31 63
147 46
150 159
126 150
38 7
166 72
131 167
118 9
73 123
128 80
73 145
159 57
149 168
77 59
41 71
46 138
85 112
77 33
25 133
109 22
143 86
81 35
97 58
137 67
15 49
142 72
53 102
14 70
36 85
117 169
121 73
109 124
169 115
104 153
100 43
138 52
76 129
125 45
93 140
170 47
144 53
151 132
132 164
47 60
19 104
68 157
18 23
152 95
138 131
19 21
111 61
58 36
59 86
10 124
170 100
38 49
159 131
131 27
127 16
107 125
106 113
166 101
47 96
138 69
138 79
27 47
15 33
170 103
52 79
159 74
146 17
56 6
39 154
170 3
73 140
127 130
60 43
5 121
74 23
29 69
136 109
39 13
158 33
69 96
69 146
160 142
96 17
80 82
158 10
152 146
105 136
54 63
31 139
81 34
38 166
120 39
99 8
169 61
66 137
21 75
166 26
59 127
143 13
164 128
165 83
142 139
108 67
32 169
136 23
148 154
0 10
169 132
41 123
12 120
68 31
78 99
71 156
93 67
60 135
46 74
21 57
98 25
13 105
26 48
31 47
23 35
73 83
48 170
58 68
37 118
162 11
119 73
154 156
74 152
89 43
6 69
116 58
78 26
41 67
119 114
143 165
23 115
92 52
88 59
119 74
30 122
157 76
64 170
126 63
56 61
119 106
158 72
6 165
92 107
121 15
127 61
13 155
155 22
141 110
92 123
51 123
23 145
91 8
152 25
93 141
137 71
164 116
169 51
84 145
7 65
97 5
150 59
147 30
27 23
121 62
110 48
60 11
35 152
111 170
156 62
16 59
32 152
157 56
163 161
16 56
31 79
1 85
50 23
120 68
144 120
22 117
113 120
154 36
111 42
32 60
41 72
21 88
69 54
42 123
80 142
11 93
11 24
10 78
33 24
65 0
38 32
54 97
101 87
15 130
28 31
78 147
29 115
11 111
163 34
100 103
60 129
78 22
151 35
46 50
135 152
149 40
100 72
46 170
99 169
46 24
91 111
102 101
3 20
78 71
119 13
67 148
94 40
78 61
85 129
102 141
160 69
87 125
34 36
63 80
76 151
57 137
100 80
133 126
145 105
2 109
94 31
97 61
16 74
59 10
143 85
45 47
118 123
79 165
126 160
120 110
163 108
161 59
159 84
167 39
152 8
92 98
3 9
28 92
1 162
83 99
65 122
78 72
62 25
83 96
32 122
6 61
37 90
84 98
145 28
109 101
9 121
113 80
68 82
21 43
159 114
24 142
93 84
104 76
170 40
152 139
118 32
68 52
83 55
84 74
70 75
25 45
3 74
78 169
89 105
137 91
162 71
5 3
71 2
94 117
162 27
116 167
147 16
33 25
20 15
90 100
43 124
123 49
1 127
25 37
102 20
103 126
160 132
90 52
13 114
73 105
43 117
21 85
106 165
65 121
53 88
38 128
122 24
30 100
89 44
119 16
89 12
82 164
87 147
88 58
82 4
134 36
69 24
20 67
91 147
94 155
106 132
54 115
85 168
72 13
102 91
63 157
30 75
14 63
41 57
34 82
27 166
58 166
125 24
148 106
128 167
118 86
118 153
65 161
62 159
90 89
44 14
136 154
112 144
53 62
129 146
22 82
46 89
106 94
35 61
93 137
14 161
169 29
67 128
35 155
40 161
2 120
147 84
143 127
68 18
108 139
18 2
77 124
17 76
6 41
129 134
8 75
76 161
73 49
85 134
52 108
4 89
20 64
102 119
82 160
67 159
93 78
76 138
107 77
101 130
50 134
119 139
8 159
6 161
168 64
29 20
73 151
147 99
91 140
90 5
125 114
104 48
45 41
59 24
134 77
41 53
16 13
120 41
65 27
127 168
126 4
101 112
7 152
69 105
9 82
92 106
118 135
117 32
9 27
16 151
23 109
144 37
54 84
112 133
5 170
128 115
108 36
138 51
47 152
22 105
113 26
147 60
109 40
8 162
41 130
72 16
98 40
121 147
30 121
131 57
165 150
45 30
103 163
76 158
135 126
27 164
9 18
96 136
24 29
49 34
71 100
66 159
42 6
88 133
61 67
168 21
129 22
150 102
83 153
138 164
22 90
137 144
115 102
50 106
119 155
131 5
149 162
138 6
28 127
155 139
68 5
128 90
27 90
121 119
96 1
70 44
94 63
154 29
169 91
64 45
133 79
29 50
142 154
158 67
52 132
81 15
105 103
128 24
55 131
144 65
54 13
155 165
110 108
158 120
164 149
26 63
96 75
105 137
14 17
129 43
135 11
31 152
97 13
96 16
106 65
72 152
98 113
97 18
49 134
20 145
142 59
108 38
34 121
5 59
100 132
120 161
6 141
126 101
51 165
51 142
88 0
130 149
110 66
75 77
33 40
77 136
30 137
102 151
127 31
27 72
66 113
82 144
127 110
33 58
62 132
29 66
165 21
25 160
83 117
68 54
132 167
69 110
113 56
81 57
117 96
93 68
141 35
58 34
54 104
77 89
18 40
166 25
26 157
145 131
170 141
131 156
87 7
55 19
155 129
124 16
155 135
124 103
93 79
115 161
56 140
23 133
88 164
29 60
57 22
153 141
119 140
48 72
37 54
49 74
31 158
145 67
111 162
139 59
100 136
38 123
90 3
79 43
55 73
69 148
113 162
109 151
52 33
38 135
22 134
153 61
140 69
16 139
142 36
55 166
70 168
168 99
76 21
160 131
53 24
18 123
87 168
79 144
32 87
129 112
28 141
83 20
150 25
137 69
57 16
115 114
0 148
94 121
79 129
40 137
54 116
62 51
159 5
26 71
115 39
81 68
6 118
68 122
77 87
100 87
123 25
30 130
165 107
110 107
142 52
118 163
8 157
121 87
38 71
14 3
118 72
157 103
98 153
27 32
113 118
1 60
129 52
74 67
142 85
85 28
97 2
47 81
122 158
147 40
37 164
9 54
63 15
19 168
48 79
103 109
2 83
43 119
71 47
93 14
37 45
67 135
59 38
86 18
147 140
108 94
38 132
113 151
12 144
115 109
5 160
86 104
101 100
144 20
65 138
22 89
167 42
98 164
44 43
87 124
148 14
12 170
22 60
169 70
93 59
158 50
135 9
59 145
45 80
89 116
151 156
118 53
74 57
41 157
113 141
58 82
123 104
36 1
2 139
26 167
131 77
35 58
94 140
74 146
125 19
77 106
113 22
150 30
88 40
161 97
24 149
141 69
4 9
60 53
144 19
105 42
36 31
137 64
148 13
133 102
6 58
155 127
135 116
10 1
72 122
30 96
55 113
163 150
61 57
41 1
118 43
136 165
76 14
66 129
154 138
101 116
77 70
132 64
42 10
86 69
73 75
93 131
152 54
110 15
156 90
48 137
8 7
110 71
84 158
135 162
81 85
141 167
135 100
110 72
13 63
111 166
96 169
146 28
116 13
36 106
57 47
14 102
33 9
48 165
67 89
7 85
58 65
78 85
124 131
79 159
159 44
66 81
66 154
6 39
18 21
28 89
104 41
38 84
103 82
124 47
7 154
104 152
154 77
118 126
142 144
38 151
123 39
18 36
106 141
8 153
79 114
69 11
57 107
83 150
145 60
40 93
23 63
94 93
46 8
109 137
79 65
108 25
7 123
8 80
105 122
42 130
117 137
146 130
93 97
55 101
2 166
2 26
142 26
17 141
130 6
93 142
147 65
122 14
100 151
19 169
57 90
93 166
9 72
170 168
134 114
131 157
16 0
25 26
11 3
151 63
70 52
108 32
143 164
90 71
163 169
2 140
137 45
54 155
101 61
128 22
100 106
43 56
139 21
162 134
34 149
68 72
119 97
156 85
111 115
52 84
46 136
167 97
37 71
59 53
120 72
18 78
147 149
10 142
154 162
48 129
55 59
18 107
117 92
5 111
100 167
98 43
51 108
105 59
43 159
10 70
66 88
129 59
20 157
72 113
5 157
121 90
37 72
42 119
59 32
16 22
133 1
39 27
153 89
54 123
167 62
94 74
101 128
60 163
169 60
73 124
136 59
50 160
157 7
39 166
38 143
152 159
11 169
16 9
27 60
101 106
112 58
114 11
158 34
107 3
158 150
55 7
147 54
69 129
13 58
123 76
91 107
24 155
163 6
57 110
57 13
51 149
89 122
98 152
147 53
54 142
113 34
88 63
51 125
30 62
58 83
43 73
38 54
129 165
106 33
138 37
23 10
31 116
162 157
162 24
30 49
97 152
137 74
113 83
37 85
13 17
30 29
14 154
4 110
90 72
14 103
30 116
117 2
38 56
121 104
60 67
51 100
134 46
60 137
17 114
130 86
152 157
76 28
