100 44
59 84
65 56
11 42
24 106
60 98
109 35
25 15
76 112
104 2
56 15
4 59
86 59
109 78
7 41
68 78
60 26
111 88
110 29
56 105
12 74
30 52
88 29
93 85
36 71
25 84
55 106
72 22
71 98
84 45
116 39
89 103
71 119
33 116
13 88
113 96
52 3
72 89
65 68
28 11
92 118
32 39
57 108
102 106
107 90
29 98
14 97
55 35
65 113
98 103
15 17
9 60
25 98
86 94
57 89
30 22
93 35
25 3
7 76
20 93
21 48
69 33
17 98
18 21
7 82
79 29
62 49
58 78
53 1
100 80
68 96
119 97
68 43
95 76
116 70
70 57
105 89
55 78
81 111
22 115
12 24
67 58
71 70
97 85
94 5
31 18
61 28
115 26
92 0
94 47
13 79
40 67
43 9
16 85
33 11
55 71
67 54
82 59
61 60
67 3
55 91
43 24
65 81
46 115
89 23
82 31
62 75
109 47
104 109
19 99
118 11
89 70
107 80
1 107
93 15
58 14
84 61
107 119
28 44
91 32
58 109
19 104
114 23
36 75
91 114
0 75
117 1
67 102
3 105
59 64
33 56
51 25
33 97
112 15
26 84
76 110
118 41
84 36
111 69
72 2
61 45
23 36
86 119
21 81
51 73
106 109
58 97
103 52
37 59
16 74
15 1
32 46
46 92
54 93
106 97
11 66
96 95
12 43
19 61
50 87
24 81
3 51
4 114
84 12
92 103
30 14
40 88
59 99
94 26
27 32
111 33
95 105
119 53
105 85
54 47
22 44
102 53
25 108
33 9
110 67
73 72
39 111
3 94
25 86
96 49
26 119
59 70
101 49
70 76
51 2
82 29
71 56
63 79
49 51
64 17
19 69
87 69
19 29
89 91
31 17
0 106
100 84
103 9
115 63
85 12
41 99
17 106
17 29
22 27
16 99
107 71
108 19
106 42
98 11
107 33
76 44
26 76
87 76
108 5
96 119
4 53
25 63
59 75
12 76
1 109
45 103
90 98
50 28
40 26
31 94
16 69
42 108
68 88
80 57
69 55
42 89
106 28
63 15
1 101
15 36
73 100
114 11
42 48
59 47
97 16
60 53
28 16
7 6
78 108
54 53
48 73
47 23
5 107
72 56
80 105
19 57
75 69
30 7
30 23
10 56
51 89
85 103
98 21
110 31
78 67
44 99
27 55
92 44
10 39
70 20
2 114
117 67
12 41
60 109
114 98
117 78
38 42
51 42
54 10
104 25
56 117
60 27
70 96
37 91
115 104
88 3
31 68
119 1
36 90
26 88
20 74
83 19
75 84
109 89
61 7
60 43
56 91
92 111
100 26
23 82
27 80
91 83
83 34
14 90
117 115
70 23
98 70
72 61
14 40
45 9
111 78
65 53
84 6
12 8
82 18
52 26
106 64
77 22
103 7
103 18
18 96
34 43
33 82
69 72
50 80
101 74
34 18
38 31
46 111
84 20
5 119
30 111
64 63
8 71
7 70
92 99
42 100
37 55
104 99
15 22
87 61
22 41
9 101
81 5
32 33
74 66
102 21
110 63
43 51
36 19
27 38
91 23
91 87
60 32
88 22
8 115
103 83
49 79
110 84
32 101
74 15
86 69
7 113
34 54
95 84
80 58
75 115
12 55
110 24
53 106
109 57
105 111
95 98
24 51
53 44
103 26
13 58
108 77
25 44
25 83
119 36
31 32
21 22
81 91
52 29
57 9
62 48
18 47
44 68
44 52
72 43
14 21
51 26
3 43
29 40
111 2
14 83
78 22
112 23
49 3
10 23
67 46
112 70
19 15
87 73
0 91
87 82
69 17
5 101
75 41
108 109
25 111
16 84
107 63
22 17
68 28
35 36
33 92
24 61
67 51
47 3
96 88
4 8
47 108
35 9
119 14
2 76
27 20
3 93
40 44
58 105
2 81
24 113
64 53
44 67
105 70
31 46
95 16
55 44
56 89
70 21
2 14
47 56
10 83
29 85
16 90
27 3
117 3
48 92
66 79
89 81
58 38
80 70
113 54
62 114
72 95
9 23
1 116
36 44
36 113
25 13
113 70
116 28
30 17
57 29
51 6
70 60
57 7
97 1
40 115
78 57
59 69
47 35
41 61
41 97
10 68
87 30
88 49
45 77
5 68
62 4
38 29
117 69
30 38
114 82
35 117
104 46
13 14
6 30
22 36
79 46
19 16
109 82
87 111
20 44
19 97
9 111
4 75
78 53
39 7
101 97
90 44
9 31
37 105
92 54
112 41
103 97
25 33
20 69
76 98
34 40
41 119
107 79
117 2
83 23
112 20
71 59
26 99
0 108
2 85
101 3
94 55
71 49
72 68
26 82
78 36
32 73
102 117
14 74
66 44
39 70
66 32
113 110
30 64
31 43
78 115
1 94
28 63
48 79
112 1
115 33
75 50
105 16
37 113
110 116
79 1
18 59
4 32
79 111
53 112
86 79
48 19
101 8
92 23
22 76
116 57
70 107
21 117
80 14
62 108
54 107
11 94
11 89
14 87
32 45
3 54
106 118
117 64
66 20
119 37
33 39
90 55
51 111
47 25
5 93
51 107
24 116
97 23
3 118
101 7
6 5
104 6
19 70
101 82
115 18
86 31
11 7
20 15
33 84
25 85
102 81
91 74
82 108
0 70
1 40
19 112
52 65
85 26
66 34
27 30
105 78
119 10
91 39
100 16
46 61
18 3
101 77
4 21
46 3
0 60
78 52
90 20
23 46
111 6
29 12
19 101
110 6
47 73
36 37
106 100
40 11
107 114
20 41
112 71
116 42
94 112
106 101
22 107
86 16
16 10
78 31
87 98
15 4
9 90
72 49
97 111
10 28
68 100
34 119
54 73
64 71
100 117
44 81
52 58
90 116
43 63
38 68
5 95
11 19
26 49
68 60
24 59
108 66
23 68
50 69
40 51
63 66
89 3
36 54
17 25
46 83
33 63
21 29
13 100
100 110
117 65
52 60
58 87
79 62
82 113
21 94
25 34
112 47
1 26
86 35
19 59
39 12
37 4
67 72
52 115
110 7
95 91
29 46
59 103
69 107
17 75
88 16
67 53
109 75
110 35
57 98
94 49
24 50
41 33
61 101
113 77
27 115
93 70
38 97
39 94
38 86
45 19
76 34
51 61
91 27
75 100
15 9
67 115
40 66
47 74
113 8
40 110
114 59
43 114
118 104
72 62
95 8
8 57
57 1
58 83
72 101
28 38
0 118
90 63
12 93
104 78
79 68
86 111
63 0
16 78
24 60
51 100
112 40
84 46
97 10
110 11
81 59
66 25
46 0
76 116
110 95
108 56
69 0
114 6
66 69
32 96
20 65
35 99
97 110
86 101
4 9
35 100
17 48
95 70
21 11
33 79
39 112
15 76
100 105
28 70
60 8
63 18
16 30
35 49
24 22
38 52
66 33
98 54
105 99
18 1
30 78
102 15
0 111
19 90
41 66
35 114
86 84
79 22
35 103
32 84
23 111
37 84
77 72
41 5
4 112
89 118
105 68
28 13
81 45
37 34
22 33
63 118
65 106
2 75
117 42
57 92
40 59
107 47
60 94
87 64
70 43
13 90
68 64
90 18
118 13
90 65
47 49
103 23
58 76
45 67
87 41
23 39
116 4
63 109
79 85
50 76
116 85
25 1
56 119
93 1
29 63
110 21
33 46
58 4
79 23
29 102
86 10
59 96
96 60
100 103
25 43
61 58
74 58
82 119
22 70
39 9
65 40
91 93
8 88
80 71
109 46
78 62
117 85
104 22
32 47
69 32
95 27
31 7
34 114
80 49
39 75
89 8
47 97
92 38
13 91
62 51
34 99
59 92
78 101
49 18
61 5
107 75
8 99
95 68
93 36
73 101
5 86
117 19
93 71
19 110
19 68
63 13
102 25
72 82
14 12
95 102
96 61
117 34
39 83
93 38
94 82
10 81
34 33
34 10
