403 195
347 212
57 471
79 361
471 155
205 392
124 318
365 2
217 421
182 582
301 512
436 590
503 5
545 296
133 452
574 254
478 250
426 263
351 599
282 291
352 320
95 410
365 143
557 152
478 272
91 249
545 515
224 392
374 129
599 31
379 506
54 527
308 298
15 492
57 495
307 303
564 197
454 553
222 247
288 285
575 268
557 15
178 559
237 513
188 268
439 457
561 173
376 114
465 205
314 35
410 533
66 122
207 555
158 81
305 282
305 595
325 151
603 297
378 113
487 553
241 336
5 270
416 385
22 18
435 554
439 431
537 456
300 25
415 94
226 464
79 157
499 110
209 146
511 333
579 587
295 125
382 344
170 513
109 487
233 243
539 605
455 64
230 569
248 282
274 358
43 476
20 439
303 384
425 610
524 87
46 403
224 266
353 503
59 366
104 169
177 591
169 369
32 212
100 325
595 564
129 61
545 520
244 106
216 548
207 423
568 610
544 439
503 224
201 467
424 437
1 371
389 108
491 15
520 442
337 193
298 19
591 321
576 42
583 10
252 526
6 451
414 191
367 143
573 231
59 350
564 64
192 168
51 529
119 426
604 301
86 166
604 465
311 363
306 393
156 99
113 458
215 504
132 581
415 548
420 285
592 256
583 559
219 94
536 354
355 395
462 528
98 290
605 517
16 542
154 91
56 200
0 279
260 522
407 558
326 248
388 502
281 235
443 273
160 336
534 139
284 392
40 291
605 395
473 610
242 301
115 82
374 247
43 504
434 220
202 99
8 304
200 552
270 69
412 264
78 131
165 386
105 62
274 579
109 571
562 353
460 64
93 524
144 553
233 94
415 601
137 457
330 127
340 183
363 118
305 246
295 242
280 118
4 550
399 81
214 168
102 509
522 28
0 299
13 600
499 343
477 34
510 111
173 426
311 35
227 151
250 392
73 599
193 473
458 185
426 194
497 133
55 520
404 608
233 507
262 544
430 429
76 459
439 187
505 264
550 307
383 382
526 266
29 70
37 350
444 175
598 610
608 38
362 588
539 163
152 481
46 595
348 181
226 542
388 217
369 78
501 472
258 9
151 183
521 269
145 523
215 74
313 554
298 374
86 413
189 605
559 546
75 475
532 571
276 317
261 282
260 396
490 518
480 301
612 99
86 401
220 147
201 478
176 178
133 219
231 270
415 473
515 358
218 170
82 469
415 194
228 195
191 449
372 273
186 166
314 289
420 395
131 79
557 421
510 7
555 426
559 146
536 64
190 446
369 341
222 145
255 231
329 110
200 42
192 89
481 530
278 214
389 257
296 402
34 553
288 324
510 409
521 162
263 403
540 473
131 316
518 364
476 113
37 102
223 50
490 44
167 437
536 66
157 429
187 16
300 184
181 442
531 478
39 549
442 107
19 238
197 41
268 137
532 242
225 511
106 510
470 416
372 422
391 445
400 245
568 333
510 73
393 121
225 207
502 426
501 14
532 306
544 57
43 574
179 264
96 428
506 585
453 470
157 418
25 85
551 98
70 326
205 258
580 4
300 343
602 202
592 137
387 46
176 195
457 62
437 386
447 253
609 114
72 172
314 574
603 361
79 517
37 471
381 163
526 331
428 0
9 568
105 290
434 249
43 257
149 383
190 286
88 99
11 368
575 396
199 40
155 143
511 45
286 572
134 473
545 319
282 514
213 176
403 8
610 191
227 33
13 411
277 174
482 156
549 286
426 101
489 559
529 262
15 32
73 593
77 38
539 224
393 534
316 149
151 241
67 539
374 506
558 413
560 265
304 456
93 307
603 570
434 187
66 579
442 186
155 284
292 16
2 322
369 224
426 424
425 31
122 42
456 16
427 385
204 126
612 48
158 389
200 501
92 333
283 298
456 350
2 551
470 179
137 563
303 61
180 170
213 363
36 437
65 410
393 249
348 225
62 201
331 510
262 218
271 128
91 175
428 549
599 460
597 40
334 610
591 76
17 491
562 198
293 460
458 408
157 58
583 163
132 338
156 30
208 536
40 37
112 436
279 481
604 454
112 35
338 347
65 174
57 461
308 370
79 393
260 79
531 309
393 578
159 359
184 506
328 50
468 567
223 107
308 489
307 279
152 549
276 364
535 33
116 93
39 111
338 256
477 244
221 307
115 90
39 482
480 199
80 472
220 597
208 217
494 467
471 541
277 327
404 417
547 254
379 32
86 64
583 34
466 497
15 76
85 522
314 168
307 225
454 555
606 119
249 433
222 385
283 257
377 594
257 57
334 513
408 428
40 370
220 601
33 470
103 76
277 46
256 496
308 580
169 158
61 476
424 136
371 256
546 481
276 371
537 34
595 543
437 508
605 258
183 152
49 570
488 122
607 162
408 368
29 357
244 544
131 365
344 154
53 424
429 43
178 351
51 148
307 259
202 448
277 50
489 303
238 475
390 570
93 258
429 72
274 353
48 271
477 403
106 537
74 245
486 33
245 9
42 502
129 457
324 208
117 437
193 588
19 313
224 172
131 524
533 70
381 424
229 341
253 327
57 393
414 342
35 330
454 568
370 406
174 573
446 349
528 599
130 385
290 491
350 513
155 481
355 317
452 344
532 437
595 242
245 453
474 231
176 589
429 586
349 339
158 156
78 34
192 234
208 576
569 459
504 546
70 151
458 232
345 97
562 106
516 418
214 25
9 70
39 121
206 117
147 277
416 449
317 601
574 526
150 476
174 182
155 339
191 107
385 477
245 554
467 52
314 256
79 594
249 192
22 307
483 199
546 264
302 603
567 216
456 328
333 341
525 270
276 1
22 444
410 272
137 181
498 423
197 540
213 456
121 243
385 509
599 325
254 498
569 432
30 531
346 206
22 357
190 380
289 217
101 363
418 87
101 210
495 596
336 33
440 370
367 190
448 233
543 311
230 332
538 503
493 232
447 165
538 85
7 418
446 146
528 359
531 350
399 323
534 11
381 214
344 209
100 312
583 339
372 363
196 451
598 449
258 112
204 14
172 565
154 187
497 322
511 36
505 349
35 477
279 451
92 418
351 126
498 583
559 407
333 544
390 324
586 194
198 221
50 219
143 319
186 80
561 482
182 370
263 54
309 374
488 191
296 425
50 554
487 9
239 405
41 567
456 521
468 394
537 157
114 532
364 470
470 390
592 326
481 289
223 272
365 290
565 267
43 387
136 229
339 497
536 260
271 314
478 362
55 295
561 374
520 244
241 288
493 425
218 123
302 145
521 385
182 189
160 291
318 435
73 179
573 248
596 78
546 199
373 320
225 294
416 441
229 464
439 602
191 537
180 182
499 20
38 400
433 176
165 301
380 428
569 563
11 405
138 221
32 414
142 339
266 572
280 119
234 551
601 569
134 237
556 9
593 29
291 593
571 474
112 519
597 180
365 391
121 546
578 557
373 68
444 579
414 273
28 392
278 420
271 31
558 475
519 515
191 548
129 601
511 339
504 576
194 352
544 604
117 56
111 360
161 581
125 328
251 51
317 140
529 549
96 23
169 162
348 563
227 521
57 428
52 53
392 333
551 173
462 298
136 530
496 537
522 469
425 110
151 324
38 3
461 519
282 318
122 575
244 275
458 36
454 196
508 104
592 160
164 138
218 439
554 115
539 125
607 599
518 126
371 289
540 72
159 259
459 127
547 206
565 317
360 518
305 37
481 439
159 160
115 195
18 218
323 479
526 165
350 132
383 605
578 195
311 465
296 362
279 469
82 126
253 164
42 505
159 524
586 413
321 361
568 43
13 174
602 103
301 41
589 394
449 302
200 574
546 575
3 172
548 219
452 251
363 203
295 577
73 302
479 127
608 345
387 306
311 595
13 320
39 433
63 243
29 608
434 499
519 247
174 429
588 329
534 29
96 404
46 385
22 193
527 105
483 399
236 296
590 391
195 9
386 172
137 510
0 551
336 61
441 458
533 242
329 590
258 585
552 446
563 502
255 316
67 322
455 374
542 304
542 430
391 176
445 202
264 434
414 310
94 99
559 31
177 180
158 327
364 1
324 453
576 490
159 133
336 203
381 572
33 13
19 221
594 71
352 107
546 296
541 55
151 194
544 463
423 363
374 97
2 82
78 480
382 180
398 324
287 384
588 422
304 78
574 579
509 42
174 97
121 228
128 402
277 274
578 563
237 585
268 73
251 611
91 378
279 103
516 80
177 345
394 372
168 471
542 419
171 544
217 423
515 332
503 220
431 150
363 464
58 71
473 547
45 316
161 199
76 265
218 231
457 607
97 403
32 195
183 196
197 269
44 30
56 20
127 188
590 217
291 259
471 601
151 491
119 506
283 567
358 505
480 570
450 550
208 427
354 440
206 67
590 310
183 105
141 562
532 79
359 558
29 233
309 114
389 603
264 95
215 433
379 448
518 107
330 142
503 408
63 586
114 177
338 20
52 46
472 77
501 22
603 77
28 483
574 86
19 10
233 257
343 184
438 478
597 570
467 13
102 612
313 46
281 309
65 286
594 80
195 284
22 251
126 101
600 244
401 322
180 159
96 194
54 517
579 297
584 28
345 281
433 314
151 371
249 238
422 304
142 209
424 81
287 110
139 531
65 56
476 346
512 233
181 426
200 478
265 141
328 239
441 188
605 312
418 528
290 147
421 483
17 501
317 170
517 428
507 23
333 67
467 442
69 317
174 79
241 458
216 528
39 527
449 233
88 294
162 216
460 209
227 75
463 81
466 366
458 571
329 35
308 137
571 212
454 223
170 542
62 536
157 582
211 35
537 161
583 414
117 58
277 599
401 449
421 320
94 251
504 355
160 165
119 370
260 334
153 178
192 219
463 442
220 4
304 135
301 151
355 88
477 44
579 606
358 226
178 21
600 114
162 354
105 596
369 517
218 553
263 182
504 523
327 116
478 216
441 579
501 377
465 202
2 24
68 33
102 450
316 545
370 366
527 195
320 38
245 1
277 199
5 132
420 319
38 585
224 38
425 319
511 328
267 259
565 240
383 551
202 325
249 197
168 163
155 514
609 195
294 168
224 71
123 29
29 117
181 434
394 178
238 409
180 28
561 503
86 141
286 528
8 235
345 575
429 48
109 176
466 489
303 109
129 31
287 408
380 604
434 284
278 341
408 183
406 331
549 159
612 433
102 217
113 488
374 205
190 571
339 446
192 410
600 538
349 427
71 340
477 424
385 485
452 97
90 393
402 271
231 216
513 505
256 136
329 390
59 269
507 128
501 556
323 268
152 288
499 232
606 500
205 105
68 577
561 408
522 190
218 119
106 298
603 178
210 193
444 390
269 574
156 525
109 232
569 181
98 121
35 234
404 285
426 50
252 272
588 10
5 459
168 208
482 217
593 186
57 384
256 453
82 522
504 540
14 584
322 238
303 380
179 315
487 412
503 73
540 85
383 591
338 193
549 399
206 428
503 434
292 466
383 28
361 297
141 450
500 511
264 568
283 101
191 81
8 425
89 45
290 411
499 528
277 133
236 416
162 416
143 36
94 200
302 520
606 564
271 345
318 314
77 582
595 527
31 44
36 612
255 478
507 467
535 554
426 281
539 536
261 96
590 275
459 325
131 601
19 491
287 192
102 216
561 87
337 338
360 420
3 521
242 586
134 567
456 35
590 169
383 112
225 558
346 581
395 91
326 239
88 502
265 108
476 525
362 283
16 83
597 231
498 410
153 29
137 201
214 281
466 163
170 446
358 453
100 433
89 531
534 41
178 292
83 53
94 537
460 193
293 340
527 467
309 92
24 88
374 526
524 141
494 425
404 518
69 30
424 382
91 418
507 247
113 560
103 59
239 332
576 48
534 306
242 334
547 23
338 387
599 109
122 128
421 70
379 578
277 604
414 3
314 431
525 579
515 457
329 104
559 188
195 206
449 380
54 109
108 24
209 44
156 609
148 35
231 351
213 134
488 102
449 316
91 216
151 307
427 49
555 34
117 220
275 169
367 132
285 6
513 147
133 570
89 80
247 317
133 398
482 231
542 53
63 195
360 565
188 54
488 294
608 331
165 194
323 429
388 474
109 237
303 391
370 20
268 26
404 260
265 365
2 603
220 280
207 84
572 449
470 114
22 352
349 265
347 331
387 434
361 179
143 103
455 235
198 61
212 8
295 150
87 504
349 176
593 171
495 400
185 195
449 107
200 559
471 574
114 340
342 117
514 445
416 8
350 366
212 56
552 230
26 130
498 392
588 518
558 219
550 105
597 281
107 329
224 586
571 442
279 554
138 536
416 538
271 188
133 330
266 518
87 67
324 439
290 430
468 199
235 176
69 298
98 99
290 494
452 309
330 322
107 450
403 540
226 555
445 508
482 367
563 498
59 388
376 293
249 233
338 392
241 579
381 260
111 317
410 245
117 566
3 138
52 339
413 600
366 198
570 436
70 212
48 473
101 331
600 473
27 42
565 416
359 435
344 306
294 219
516 24
291 392
35 347
510 526
557 202
305 227
284 359
85 427
57 426
169 123
268 489
467 361
446 112
182 293
317 570
274 283
342 327
174 175
440 210
92 10
305 531
505 592
145 210
165 343
394 558
499 332
406 222
232 591
372 537
94 396
187 209
379 591
299 466
74 225
69 294
61 601
215 450
285 64
87 16
489 223
69 461
530 47
611 612
334 100
414 103
547 36
564 72
195 193
378 430
246 531
530 338
429 368
50 293
252 607
526 33
560 84
458 125
453 171
102 257
491 273
405 408
244 395
189 218
216 39
424 532
32 80
373 546
45 43
91 605
242 81
10 458
41 89
150 240
468 416
165 479
24 367
501 530
582 373
74 33
415 183
232 551
46 115
47 142
18 477
397 121
450 46
122 516
43 65
35 291
129 309
318 59
285 241
146 301
159 215
545 261
474 112
543 360
557 203
309 320
584 278
420 609
45 267
513 198
264 283
296 131
198 180
522 0
504 298
136 70
222 112
599 378
328 321
144 402
378 502
573 165
185 522
474 56
418 54
218 589
70 130
437 425
464 181
293 88
168 212
237 394
426 571
239 106
374 174
261 477
245 14
12 141
26 331
76 38
383 217
164 581
566 159
495 366
517 7
98 454
132 137
552 470
387 165
395 112
73 518
254 21
198 157
337 87
334 311
507 308
214 145
392 542
59 543
320 101
502 590
497 519
103 549
213 113
92 91
327 100
429 480
166 224
275 98
52 283
42 17
565 315
569 148
262 4
252 100
238 467
483 496
325 612
48 389
508 196
438 173
247 521
579 37
393 55
101 473
271 275
1 201
237 57
194 524
584 263
302 107
392 526
41 584
147 229
579 242
30 297
483 527
560 22
363 467
134 184
129 444
265 217
224 204
315 257
405 313
254 24
196 237
557 535
154 493
507 606
367 193
408 559
102 111
181 176
325 80
419 233
443 451
545 454
529 330
246 492
305 97
503 76
519 393
485 7
527 353
501 359
134 589
488 398
478 169
237 219
239 420
257 83
443 190
490 346
215 110
47 136
60 177
292 364
461 195
138 76
81 533
281 237
180 331
513 365
317 286
66 327
57 135
516 113
598 276
358 593
20 609
348 24
91 555
555 599
205 13
302 125
252 429
346 244
418 429
335 273
7 110
330 86
363 249
439 570
181 433
94 401
191 433
259 476
3 304
297 139
365 182
9 183
476 89
267 278
393 303
181 248
80 517
194 225
424 221
28 21
37 460
149 78
84 360
183 276
189 98
224 599
222 582
16 579
153 257
604 594
74 508
560 79
417 446
403 247
20 59
577 147
303 461
343 325
157 411
97 180
439 583
25 445
425 379
7 583
122 511
320 292
192 8
152 186
365 573
28 253
257 368
536 358
489 39
594 75
558 556
271 62
323 563
232 393
160 338
366 434
133 53
502 463
11 567
334 379
200 332
106 120
481 11
109 162
113 462
573 441
87 35
264 500
72 451
155 19
15 477
465 535
217 129
124 426
337 127
452 85
12 419
315 341
586 195
13 535
606 315
368 334
545 234
201 433
193 562
354 323
568 493
137 388
505 6
285 537
221 56
83 74
294 467
336 173
594 170
65 575
200 155
84 552
397 241
43 6
431 260
538 87
487 169
56 214
65 197
585 461
176 128
213 330
194 505
126 39
574 385
223 101
9 95
17 382
476 52
449 546
450 185
328 435
211 186
538 309
139 333
382 563
220 78
345 333
335 529
33 490
431 457
94 555
28 320
308 76
242 175
57 571
499 180
150 230
279 523
375 274
438 590
101 251
252 480
548 601
368 224
595 582
84 310
334 222
119 571
389 111
31 417
338 149
54 324
168 246
187 409
281 212
445 356
612 241
98 411
130 537
392 476
182 124
579 424
581 492
250 159
560 258
483 456
71 387
288 312
100 107
11 244
196 318
464 323
253 90
61 589
16 450
241 86
271 150
90 190
545 429
120 550
318 310
156 220
575 446
141 559
432 213
25 82
559 314
331 578
442 477
482 242
568 521
206 508
63 539
230 443
243 39
349 58
382 10
36 352
502 1
388 310
585 146
36 98
1 212
323 455
252 524
36 530
548 425
48 152
13 136
311 508
86 168
334 179
583 74
522 492
121 479
251 252
53 245
472 65
56 224
312 385
88 329
396 120
195 62
327 464
94 50
176 331
171 185
370 245
4 502
180 8
147 166
96 43
287 314
559 347
579 321
25 488
104 302
422 161
531 282
28 315
232 427
105 498
139 384
29 372
402 557
218 602
294 276
402 322
336 72
250 450
1 50
464 197
166 285
291 244
556 544
182 379
489 321
253 461
92 117
226 417
267 476
280 553
157 567
565 410
560 106
445 365
235 522
263 570
73 406
261 164
52 156
126 31
276 175
585 104
46 168
117 496
107 469
70 161
580 449
234 467
284 105
120 253
466 398
253 431
17 498
127 241
380 586
409 164
573 358
598 326
360 168
150 180
203 174
12 160
497 430
29 472
413 310
607 391
580 248
94 190
594 601
178 548
68 430
487 420
496 138
246 300
436 221
167 408
400 151
360 464
28 382
13 506
143 229
307 340
33 234
523 531
438 61
582 165
179 325
309 260
100 498
97 338
485 29
257 386
368 439
145 116
549 369
567 55
16 79
269 1
173 293
478 220
328 191
147 437
240 336
436 537
121 79
288 355
476 203
71 316
147 354
25 547
349 133
465 396
172 128
360 389
25 239
204 200
349 448
158 28
375 329
467 611
385 298
13 420
53 562
300 165
491 484
496 569
219 197
599 154
228 433
26 145
427 22
105 218
78 285
372 344
55 209
309 342
379 16
533 434
475 383
547 587
274 74
437 20
475 538
114 290
404 598
276 192
427 150
555 222
437 388
187 314
292 372
515 455
562 589
176 266
281 187
194 337
18 411
464 175
612 439
320 89
106 95
124 411
165 34
442 457
337 410
537 35
519 123
483 317
218 265
272 581
517 268
288 401
226 504
596 294
293 597
245 396
138 169
338 425
610 514
400 417
258 150
507 149
406 485
484 300
354 542
242 478
11 156
536 529
54 187
574 589
483 229
505 283
563 113
392 98
201 491
252 255
416 326
114 478
350 127
294 585
548 550
547 573
276 528
330 96
586 86
500 117
573 381
462 97
476 533
559 324
135 73
528 566
12 44
413 578
404 175
259 552
104 358
88 386
196 7
571 310
394 174
392 198
9 389
430 438
581 1
385 88
609 1
450 130
493 366
200 30
520 3
579 318
496 508
575 346
361 497
262 603
245 506
553 181
395 364
311 84
77 184
164 208
330 401
326 574
526 105
99 495
258 152
377 599
354 492
388 577
21 199
350 553
198 144
455 152
236 72
124 587
52 390
275 11
499 128
108 460
45 570
468 356
371 71
70 543
497 462
423 180
388 233
511 98
90 456
511 432
523 460
608 43
580 65
544 20
381 221
558 491
367 151
52 102
536 34
457 359
282 278
45 263
592 124
601 71
605 160
531 186
484 204
281 429
142 234
94 292
310 30
339 592
206 449
600 282
605 568
431 34
141 151
261 300
354 183
510 101
368 394
335 239
225 389
608 268
37 609
556 124
376 524
349 341
269 385
569 421
529 355
162 67
269 93
73 118
400 427
36 450
384 578
586 520
25 536
524 138
516 71
596 104
259 358
482 307
263 581
311 317
165 483
108 404
113 432
431 16
89 594
282 41
407 523
450 25
29 158
608 492
574 450
34 100
77 340
581 467
300 58
468 352
515 573
380 268
150 220
417 406
278 261
485 53
221 132
375 303
3 403
479 612
289 503
232 396
301 94
38 172
39 230
38 219
566 195
315 414
333 173
316 2
390 502
95 288
200 511
259 497
320 451
181 81
442 491
371 26
206 9
227 574
126 348
31 592
71 115
347 236
257 311
203 287
274 99
434 521
9 128
511 148
510 420
35 460
9 589
198 268
122 470
452 355
397 426
458 252
95 443
593 597
345 324
302 287
207 542
439 437
146 513
230 97
354 30
118 459
103 536
216 224
609 0
241 505
446 46
30 120
261 110
141 132
470 64
30 37
511 123
165 84
173 208
131 379
164 150
260 230
478 105
253 611
376 369
246 423
164 530
305 188
240 328
90 356
293 306
331 102
352 242
386 445
128 474
433 430
537 388
400 575
191 419
600 212
102 309
270 589
314 325
175 87
149 578
335 382
292 140
8 147
292 339
400 130
570 593
510 209
425 299
6 169
209 16
403 4
191 3
588 440
187 476
40 600
55 457
540 498
562 521
446 551
286 33
203 555
269 137
547 598
304 555
602 97
82 55
542 491
431 370
469 565
437 64
415 232
38 56
575 108
245 610
456 177
253 482
231 516
400 560
554 12
40 171
567 520
542 412
260 261
135 367
428 40
224 282
135 33
306 361
477 297
98 537
276 464
240 605
210 154
57 529
220 10
326 306
368 477
456 96
134 247
105 506
179 430
230 534
203 252
180 134
483 499
455 462
172 218
372 219
257 299
333 401
225 363
361 50
130 576
368 481
214 271
74 197
407 570
591 187
512 503
468 436
328 14
16 259
272 553
442 364
14 282
246 203
295 585
19 87
324 301
598 301
14 406
385 274
535 374
175 164
24 258
196 45
180 90
472 518
337 432
105 594
78 282
91 437
5 156
198 204
258 510
287 200
263 374
255 191
172 488
554 491
320 610
267 448
292 523
201 3
233 125
507 446
217 322
326 236
366 304
259 80
314 285
310 256
487 486
81 401
164 37
208 242
271 54
416 363
431 395
612 278
355 76
322 117
535 42
487 70
481 253
368 435
245 433
398 352
212 572
586 440
233 336
125 21
195 194
610 570
396 173
373 222
249 241
6 514
56 124
356 591
352 443
299 556
329 319
559 288
179 86
375 13
246 217
401 194
171 483
41 29
473 555
284 228
326 482
440 21
509 227
605 601
7 191
196 330
113 143
601 173
560 323
175 409
47 375
219 383
15 608
394 488
467 175
505 447
444 121
47 583
536 269
160 145
452 573
98 105
504 77
268 51
288 419
555 565
491 305
344 212
75 300
264 7
310 13
444 81
480 449
326 478
318 173
358 555
361 601
272 13
395 118
272 450
227 456
179 112
454 227
22 184
503 181
447 333
199 249
56 140
127 250
78 113
323 522
418 253
213 211
294 247
254 307
104 156
493 1
40 438
477 82
320 530
160 271
272 505
215 318
59 360
531 295
266 303
147 329
127 414
154 277
259 598
320 542
412 489
429 45
462 79
428 466
355 592
288 415
402 279
195 93
607 65
303 359
9 87
189 541
340 485
208 553
110 412
226 548
65 50
131 142
208 24
500 122
326 488
231 240
453 465
416 117
28 512
548 248
390 15
347 105
498 417
382 217
396 318
608 611
292 548
372 296
36 220
246 569
440 318
523 287
558 303
69 515
119 346
473 382
410 105
12 440
325 237
204 410
370 552
388 82
174 561
72 27
447 205
158 323
557 594
482 138
443 88
155 159
549 432
288 36
514 306
422 544
199 208
337 513
469 204
557 173
281 608
428 299
448 465
89 351
182 504
584 316
252 81
13 409
587 556
450 396
140 547
318 453
305 564
373 295
259 207
423 254
73 590
566 345
56 240
580 339
597 223
273 368
226 595
115 26
58 532
496 94
375 326
586 206
270 86
368 215
353 605
502 259
465 73
135 526
398 546
495 278
571 137
509 311
220 204
181 237
479 40
395 13
86 467
583 269
185 403
283 84
27 144
316 354
34 301
249 215
577 595
409 470
73 43
532 607
247 337
361 529
289 428
128 41
315 138
501 87
10 542
133 194
209 424
206 400
145 71
68 425
382 553
190 591
478 604
42 348
500 111
52 300
49 384
464 176
265 440
373 551
11 130
370 52
391 434
307 464
386 280
27 238
563 423
1 167
260 467
250 567
126 467
225 340
248 129
255 508
200 60
393 603
272 224
311 584
294 286
195 551
16 481
470 365
303 26
136 590
607 54
533 542
59 286
421 175
104 205
538 129
437 506
595 165
163 63
292 490
183 324
337 431
85 77
281 247
104 388
321 99
561 153
282 509
3 352
532 27
140 513
498 161
260 491
456 211
185 372
180 212
188 448
416 83
431 389
164 76
137 279
219 606
151 43
567 42
96 126
188 229
409 534
178 307
123 199
192 21
11 277
359 138
249 57
519 246
161 189
602 373
584 603
358 311
351 31
434 153
344 177
50 197
590 46
174 440
418 180
448 242
281 535
544 204
158 572
51 123
32 253
551 31
355 373
322 38
51 107
25 13
64 93
477 117
539 312
22 490
142 277
409 176
83 606
224 176
16 611
379 369
199 373
522 385
153 392
305 339
98 376
372 184
369 402
383 170
557 398
38 96
32 596
343 418
593 362
372 506
370 123
398 414
65 176
209 289
482 263
14 240
48 404
483 609
528 452
357 243
58 321
165 603
371 147
529 324
594 134
299 548
208 177
496 192
555 503
58 399
173 205
13 447
158 583
76 400
458 110
417 132
526 438
535 116
99 478
582 145
379 34
27 406
304 465
44 343
51 547
56 580
240 331
228 534
591 283
455 316
412 237
582 320
534 424
191 562
186 546
22 217
193 304
218 281
463 325
188 465
411 486
209 63
545 266
153 114
496 143
528 253
322 287
153 227
551 526
366 261
226 340
503 63
454 551
258 101
455 406
417 612
362 52
438 216
448 388
423 221
230 417
206 199
434 450
159 494
460 146
474 213
194 528
545 534
533 74
327 572
322 258
6 431
587 239
466 95
143 204
187 411
379 17
393 362
234 344
98 378
176 148
24 289
596 274
433 81
374 419
204 19
381 489
448 393
204 358
398 297
526 562
203 406
534 575
354 478
510 321
33 157
595 142
28 325
351 57
11 308
26 388
239 22
250 577
205 587
385 368
69 456
55 300
199 567
441 114
61 366
534 587
236 400
354 488
46 66
176 400
0 318
120 385
404 545
35 315
286 78
66 464
514 308
181 77
425 276
205 95
93 14
0 350
391 82
497 297
607 244
33 581
490 584
95 515
477 574
244 70
73 468
39 547
337 1
197 215
24 223
110 342
42 286
23 612
361 412
453 280
123 516
135 79
37 284
91 384
453 360
256 504
298 327
69 134
205 163
237 374
86 137
463 286
479 343
243 130
205 125
419 450
478 219
6 606
203 449
55 125
460 68
56 149
453 244
264 578
504 401
258 62
43 308
167 7
358 426
281 451
207 474
520 529
117 70
604 59
537 353
253 587
246 170
578 412
120 374
232 579
603 539
502 305
530 185
71 192
395 358
279 256
518 394
119 118
152 173
28 332
570 2
463 237
24 138
309 269
536 303
301 547
476 472
111 488
280 610
81 251
189 337
101 367
171 582
212 144
4 178
477 543
46 503
338 504
51 14
357 503
452 235
527 521
336 48
474 452
186 280
417 160
154 96
89 26
97 514
200 62
332 103
514 212
556 28
463 470
21 40
223 38
579 610
187 394
211 251
1 300
344 373
294 455
47 508
199 256
408 536
458 17
130 470
589 158
305 245
610 160
401 277
312 462
597 418
73 296
141 115
257 287
53 454
14 487
193 378
166 209
278 499
510 138
19 318
462 48
222 371
391 84
151 321
103 280
357 112
222 43
99 141
597 368
211 111
177 297
22 46
257 90
526 540
141 106
553 538
544 80
84 129
527 49
280 212
111 407
517 118
335 254
230 207
177 432
312 454
465 503
170 599
573 159
413 565
209 103
239 49
291 606
556 320
448 440
310 82
114 10
95 487
6 524
537 265
526 503
348 458
169 380
610 82
587 170
82 431
74 543
607 123
441 287
338 331
189 173
60 202
321 580
496 407
206 504
384 134
499 341
202 571
307 607
169 548
226 366
125 232
117 223
256 47
363 364
389 303
593 89
540 542
542 455
522 375
2 504
609 466
315 250
353 243
3 48
552 581
11 541
148 523
243 129
102 419
123 80
409 545
58 443
34 391
531 195
124 589
415 98
9 476
46 471
152 129
583 395
538 448
220 102
141 515
459 428
54 455
558 467
485 560
216 87
484 365
236 610
387 577
202 560
311 467
240 94
484 136
468 578
453 520
73 242
518 564
488 444
244 235
451 547
198 81
491 569
383 374
116 362
190 457
62 317
24 395
393 525
399 67
97 562
49 326
74 515
590 99
581 69
135 449
452 347
488 234
336 370
140 258
541 234
537 536
501 83
285 354
561 531
89 149
230 140
533 69
602 506
243 179
189 499
291 574
313 2
362 204
213 314
189 585
235 295
481 414
319 194
121 179
118 400
10 250
248 186
304 24
370 477
553 319
222 200
10 443
133 494
435 285
290 403
289 173
388 36
78 226
563 239
237 266
245 491
376 313
540 382
169 605
326 426
183 267
384 401
408 269
512 460
79 573
565 521
344 21
233 356
384 335
337 140
9 82
560 148
493 250
407 394
445 143
249 112
11 182
560 502
0 417
134 319
199 333
89 498
449 189
576 392
443 479
602 214
484 498
448 289
270 200
43 558
514 435
464 281
597 317
150 610
231 252
445 180
383 396
74 32
399 368
271 477
205 370
463 528
579 248
126 554
571 252
283 219
389 164
464 132
143 289
293 410
226 112
279 327
333 157
185 167
540 494
149 151
245 270
257 301
587 540
217 529
504 181
178 37
40 57
562 367
80 340
132 162
23 378
189 181
143 593
420 180
142 597
509 342
181 50
274 314
487 448
374 168
289 17
333 537
444 576
349 72
387 26
573 612
578 266
236 130
201 387
58 76
473 331
150 228
198 110
549 378
298 336
404 329
107 431
532 48
504 269
570 245
132 289
278 85
310 560
334 96
50 384
11 12
100 215
516 14
192 238
356 449
110 352
98 186
340 111
274 40
218 60
528 241
594 458
123 441
22 440
465 75
542 268
389 113
365 374
159 475
364 181
48 403
565 163
466 475
130 520
358 463
521 511
242 101
378 92
100 147
287 533
473 443
497 81
348 468
36 49
108 448
206 55
153 423
225 185
440 414
445 309
267 69
454 370
601 395
349 329
255 517
7 140
481 475
435 387
471 532
111 471
56 448
561 388
394 59
371 243
161 98
185 99
317 132
453 495
128 188
221 469
347 136
201 2
317 241
60 572
485 335
572 8
323 164
176 517
454 449
417 211
83 611
517 228
223 288
391 278
514 257
484 129
99 90
350 166
454 119
142 561
52 515
367 318
323 467
590 434
239 431
26 276
527 459
483 212
9 244
398 219
552 534
77 426
129 144
391 316
250 186
36 580
377 185
334 119
429 64
119 435
589 440
233 329
444 557
46 89
550 83
162 3
420 537
414 484
607 379
132 314
252 179
405 402
325 429
357 17
386 10
499 265
154 538
121 276
222 8
564 544
63 95
55 423
245 80
399 280
267 505
319 399
509 447
122 95
54 24
42 449
230 153
277 305
501 188
144 254
584 360
154 177
360 165
377 528
97 193
447 524
302 461
391 333
488 154
131 209
546 20
382 367
260 254
224 290
281 382
592 42
264 291
206 250
493 443
323 62
212 316
612 305
430 163
503 95
161 347
244 262
72 351
481 606
42 106
403 49
520 243
189 290
242 28
203 312
187 7
586 356
363 63
462 293
92 485
72 250
404 237
590 529
42 600
135 133
74 113
75 244
355 176
464 238
54 300
13 112
316 430
220 564
421 588
87 601
582 278
318 88
381 393
350 82
438 126
522 473
37 340
278 476
410 564
446 18
72 241
155 474
354 363
199 187
209 446
87 590
439 283
18 347
265 406
471 16
290 330
453 91
370 510
233 189
87 496
62 124
522 432
362 346
564 320
122 106
192 7
193 555
74 238
216 261
421 603
1 373
340 141
291 441
325 605
547 592
115 64
418 599
596 235
357 118
44 545
605 330
471 276
263 436
344 523
560 46
449 414
203 445
51 374
538 135
502 513
126 262
423 105
9 54
59 24
45 170
289 61
246 94
519 439
534 78
292 557
44 115
179 503
603 335
257 100
58 247
190 249
122 249
215 609
105 461
263 556
208 109
233 152
183 481
133 378
133 183
299 177
161 241
172 31
134 6
391 138
332 496
361 72
384 414
207 604
495 12
539 348
130 522
157 259
53 297
378 217
285 369
180 244
230 578
131 168
453 605
205 185
514 294
244 157
206 87
244 225
310 225
536 454
435 130
499 91
584 352
359 173
330 237
302 577
159 357
548 411
70 407
562 356
485 210
448 426
226 439
349 202
103 483
356 474
603 445
387 353
21 356
521 229
307 407
135 401
452 492
157 385
419 509
196 599
3 440
527 279
2 610
532 280
22 323
201 128
465 409
500 592
345 222
563 259
111 52
409 385
171 177
347 372
117 533
15 216
315 447
410 377
235 395
376 477
496 454
418 384
480 316
73 435
89 537
357 564
577 476
132 174
483 293
219 515
497 349
524 96
267 170
507 593
344 329
553 286
489 515
125 262
122 33
222 512
332 201
31 612
162 264
22 351
18 318
483 209
315 415
44 430
35 205
187 270
447 369
241 83
223 27
6 495
177 558
133 136
228 395
171 440
486 277
81 561
519 525
420 128
148 530
595 454
175 423
251 189
475 35
306 233
82 197
294 498
205 255
571 85
458 19
158 83
524 185
427 362
548 438
554 360
407 223
274 319
95 499
452 311
61 246
496 212
551 476
226 125
553 103
413 448
545 349
395 332
531 612
408 390
410 208
98 26
486 312
194 355
370 327
18 33
380 515
312 235
360 263
301 269
555 10
125 274
43 566
408 455
112 420
552 349
533 54
574 598
580 167
251 332
583 55
492 339
466 551
570 97
110 330
488 496
585 588
321 592
296 3
16 395
382 592
25 342
65 563
326 167
272 271
420 148
561 573
326 137
223 142
509 283
271 351
210 34
2 458
316 27
131 419
484 512
327 344
53 128
119 529
444 94
576 149
220 143
406 334
600 488
300 125
187 110
58 341
49 103
122 478
387 580
83 341
37 197
100 521
127 211
229 120
33 120
95 430
457 146
34 429
545 35
497 548
486 97
604 271
438 85
114 369
376 240
515 144
263 72
513 477
408 432
248 359
308 597
210 544
388 580
102 59
419 267
154 6
559 384
179 326
456 152
116 342
522 417
506 42
207 306
211 5
425 34
289 354
447 400
364 349
140 278
174 88
362 555
156 26
472 286
369 45
485 207
310 326
405 466
209 189
161 4
15 249
564 278
445 107
551 422
319 516
67 121
344 420
50 204
520 400
322 213
198 533
533 217
551 400
479 553
214 516
315 18
42 155
414 436
495 178
6 561
39 254
448 24
37 345
607 133
297 93
65 437
547 314
212 325
526 2
157 261
569 2
172 13
334 158
21 394
45 5
386 196
149 150
105 176
297 138
326 34
46 310
68 131
538 602
144 169
556 605
436 136
552 533
286 297
109 439
322 601
218 525
180 298
460 320
179 288
62 487
322 8
70 105
574 611
491 313
192 481
560 424
403 84
377 199
410 194
401 191
377 406
276 575
468 29
50 211
91 50
560 61
1 98
477 325
183 0
270 411
321 25
474 432
72 518
207 204
332 443
27 94
583 493
339 263
100 240
374 72
80 194
324 425
493 203
161 352
160 372
486 546
607 12
2 170
258 319
520 517
56 41
496 242
545 182
33 192
383 172
32 600
64 308
328 592
50 171
329 452
457 167
333 335
187 192
131 46
349 434
434 604
26 228
402 344
387 5
333 348
104 552
100 124
231 222
315 443
40 45
591 243
532 576
596 242
273 483
129 192
218 500
158 126
79 155
476 451
359 607
308 526
309 282
312 491
338 368
500 369
345 216
81 445
514 527
89 253
133 565
209 458
118 135
384 439
290 180
381 333
356 160
166 347
423 130
484 473
445 375
448 319
255 312
260 578
581 173
161 134
502 536
118 26
255 349
292 73
137 271
81 593
204 9
149 496
139 110
326 304
460 172
384 11
133 226
108 475
350 360
539 197
478 393
355 402
222 315
438 55
268 596
601 100
472 60
184 150
547 483
377 600
116 582
484 94
46 244
244 410
313 450
432 488
513 36
130 225
512 330
442 359
554 414
318 132
307 231
409 129
495 308
609 378
168 4
7 26
439 459
445 300
377 367
606 150
384 259
231 274
49 563
364 354
526 444
524 586
231 454
438 408
468 150
192 460
295 453
344 353
467 313
372 78
234 395
265 259
414 555
255 446
101 136
399 255
172 6
260 331
556 269
237 458
133 267
523 28
368 291
545 517
488 89
343 95
198 276
216 278
556 33
161 517
189 136
454 182
542 38
511 74
272 480
561 117
206 565
104 273
162 183
339 40
406 478
461 525
436 562
189 14
420 606
228 240
504 214
126 24
263 412
333 379
151 76
130 228
612 170
526 417
460 51
211 152
109 381
484 207
578 367
582 532
345 229
481 185
392 243
281 254
490 558
369 81
172 53
565 193
81 502
551 498
422 222
179 381
429 511
475 55
230 608
449 593
262 333
568 574
160 369
380 133
249 425
429 222
518 559
505 348
399 147
236 354
572 470
525 309
201 183
439 422
441 478
155 199
109 311
346 481
228 33
170 457
568 85
610 562
353 494
433 436
137 223
433 86
216 594
449 330
565 478
200 320
515 407
60 487
594 307
376 279
610 133
599 414
191 279
346 71
99 135
123 462
116 284
89 221
612 92
522 265
278 228
288 122
270 156
506 342
418 107
196 152
537 368
69 570
247 114
116 69
583 342
282 567
30 23
122 369
199 234
106 569
558 255
157 186
240 40
221 418
146 69
49 394
581 230
510 391
380 541
146 405
59 257
133 158
602 198
95 531
328 269
241 82
506 192
127 507
368 49
251 28
424 465
573 591
515 66
545 398
262 511
431 145
225 3
286 356
184 213
385 580
495 399
50 607
255 452
481 46
136 37
604 553
387 7
361 117
411 242
403 78
545 342
145 446
437 73
196 15
168 227
278 559
288 57
336 561
429 424
5 142
26 317
477 584
76 518
460 127
302 494
78 127
555 101
34 610
303 497
215 404
80 126
495 339
393 450
447 215
228 291
43 451
272 29
195 424
356 30
501 606
289 341
488 4
357 387
92 585
547 13
81 257
368 313
31 203
538 45
359 567
65 408
11 259
39 398
381 576
287 222
210 245
25 561
94 145
351 81
430 15
434 144
423 1
112 530
171 10
212 139
126 316
468 345
91 329
54 259
316 323
445 363
217 115
382 49
81 63
388 446
434 99
358 423
176 153
95 246
256 486
2 435
30 277
242 180
12 136
208 317
12 2
70 507
330 36
381 497
322 167
546 161
38 80
171 549
568 117
134 107
163 122
9 495
57 325
22 377
5 466
152 366
359 578
473 566
561 118
390 107
545 574
191 606
148 407
82 269
199 170
295 312
605 15
332 342
533 602
401 538
259 194
409 541
61 46
179 469
5 320
262 451
149 462
454 118
477 260
297 131
67 55
321 290
398 151
158 18
309 429
505 259
94 207
535 407
20 398
277 543
425 113
360 341
587 173
209 115
447 519
72 572
304 571
298 575
89 611
236 601
570 1
337 382
156 221
592 57
477 495
150 213
198 483
586 38
499 574
337 448
245 266
314 548
24 302
495 554
518 234
349 594
603 541
372 322
130 489
261 191
187 71
394 332
29 324
92 357
181 475
10 291
439 513
573 211
116 270
133 466
407 256
498 43
592 75
417 367
121 579
410 555
550 454
269 529
389 481
175 456
464 109
118 253
610 288
387 64
91 481
383 111
402 552
108 340
357 14
521 57
439 92
506 75
422 363
494 88
496 204
515 413
263 485
386 575
43 554
454 539
573 0
522 321
267 202
560 470
604 41
80 330
446 315
4 241
189 83
345 168
179 251
80 450
397 287
187 197
38 147
196 85
606 132
352 41
89 163
449 484
601 76
494 169
100 247
330 217
95 3
475 562
421 227
549 585
596 555
66 168
100 580
267 143
372 257
294 146
117 217
87 114
295 407
414 429
604 586
537 370
588 183
468 403
181 5
22 384
391 182
531 369
595 32
412 122
352 565
3 551
113 329
52 588
459 239
358 221
305 476
345 102
522 48
218 377
339 252
234 553
153 605
166 492
72 198
596 339
243 91
236 191
422 107
474 375
579 187
607 396
23 386
436 592
310 51
132 497
194 358
412 223
329 151
439 261
524 528
74 28
41 490
498 449
25 33
332 63
515 377
274 528
396 301
243 361
5 260
563 426
62 87
206 369
512 174
153 608
586 334
574 156
428 36
405 507
453 209
473 184
59 511
565 356
371 406
559 292
395 67
408 583
294 293
177 394
225 25
180 572
187 357
111 533
292 87
514 247
322 41
348 134
138 491
108 457
558 101
447 126
494 71
598 365
577 152
195 283
178 481
273 346
448 601
533 380
542 133
131 299
464 267
492 446
54 292
401 456
269 17
581 91
545 438
582 491
183 446
594 353
91 407
361 500
75 167
158 46
69 360
273 125
81 320
465 68
41 309
167 414
33 495
35 157
367 0
342 539
240 258
504 593
225 520
231 131
96 143
223 521
203 219
567 401
489 322
131 238
583 525
597 140
524 1
417 579
59 85
246 20
32 327
346 207
468 304
159 379
455 555
349 190
113 430
554 428
195 164
201 560
9 421
535 474
181 277
380 279
406 538
78 26
24 235
502 101
93 55
216 63
169 492
291 535
221 397
461 490
605 607
504 38
566 75
354 48
13 199
578 5
110 323
185 350
247 581
341 495
463 336
551 240
540 118
317 86
418 316
157 495
350 479
15 109
356 12
364 44
65 127
177 121
232 500
35 272
603 332
355 506
417 436
185 559
287 134
586 582
393 574
593 541
543 123
72 516
153 346
62 10
281 393
418 589
330 337
84 246
566 419
229 115
612 224
22 249
549 301
354 168
401 60
490 559
609 216
356 55
68 397
432 166
37 198
359 384
376 229
42 260
356 173
559 528
95 574
501 61
578 489
384 284
358 419
250 516
401 587
11 342
563 31
135 530
108 526
406 243
362 30
258 21
343 561
609 258
500 459
271 608
319 368
385 7
466 311
161 580
392 611
573 128
79 110
411 427
501 432
94 432
421 337
439 274
535 70
484 417
170 548
410 355
396 392
294 370
165 546
469 449
517 239
420 536
166 36
245 374
17 29
117 111
420 280
360 167
69 460
540 129
323 561
143 570
486 609
479 154
296 598
80 359
482 209
323 308
353 72
78 603
333 80
20 335
17 480
275 441
213 171
95 336
334 574
291 575
291 551
528 181
417 309
429 408
221 25
516 562
392 357
300 440
28 299
300 609
588 379
464 311
30 3
122 267
532 181
486 90
529 115
113 6
429 244
5 399
53 502
568 530
151 359
371 122
154 335
265 98
247 540
376 499
171 411
253 594
398 201
92 458
513 317
255 84
203 528
487 471
581 115
584 116
438 309
486 437
325 85
251 394
334 428
403 496
29 443
188 104
262 115
466 293
251 267
135 465
94 229
68 133
240 371
413 345
566 504
558 89
522 579
337 592
537 588
572 581
478 323
326 468
305 151
75 415
4 77
404 82
389 65
167 371
382 25
203 386
130 4
416 7
265 11
170 244
71 413
577 21
335 179
325 50
602 284
306 494
415 270
474 361
235 120
479 493
29 355
107 394
95 384
135 244
193 130
531 430
24 298
5 340
75 274
248 439
320 395
97 296
547 146
50 464
194 400
414 428
312 250
388 490
242 270
252 12
482 449
287 250
284 128
26 123
56 578
448 90
37 490
351 605
314 392
188 93
440 380
152 215
48 331
534 144
357 314
546 571
0 59
395 193
434 111
87 34
606 57
475 84
301 329
538 494
91 67
412 105
78 455
311 166
107 275
67 509
259 268
530 220
229 264
436 367
110 4
268 431
314 220
608 50
439 468
135 537
488 267
555 22
229 141
281 419
431 517
484 71
431 212
146 208
341 253
479 308
247 443
134 253
103 266
206 219
172 193
536 404
516 304
189 382
184 4
562 565
354 6
64 249
275 541
102 64
309 251
384 54
116 259
499 536
352 477
569 307
268 426
4 136
300 107
380 513
468 544
371 522
285 588
110 510
257 359
538 564
480 211
325 543
276 144
489 415
464 8
563 105
437 542
114 562
22 250
114 390
286 6
33 254
25 563
524 254
202 102
384 105
598 415
117 121
377 352
467 504
36 94
204 518
380 291
270 503
255 354
20 251
510 29
182 607
467 167
235 417
468 96
405 453
562 406
495 342
459 133
17 199
312 171
220 573
215 169
68 114
271 529
67 449
324 426
16 164
284 512
341 494
210 359
577 482
447 361
489 488
462 197
406 224
547 371
266 417
145 323
166 94
239 605
335 175
402 222
117 378
581 49
358 600
513 549
241 303
182 466
585 1
277 97
322 378
508 118
6 287
598 192
271 322
155 64
228 336
61 81
198 553
169 488
471 467
577 413
83 87
240 178
541 65
509 397
305 396
412 367
77 381
114 318
576 563
133 75
91 31
488 338
241 99
83 473
318 9
523 19
254 518
440 493
579 21
323 359
516 88
488 473
354 180
399 520
197 38
143 14
49 388
192 437
321 517
224 578
567 458
116 166
443 466
524 36
123 242
53 354
134 186
283 369
576 225
21 478
341 612
455 224
185 213
523 563
97 534
608 592
214 445
140 548
567 173
97 134
355 4
601 480
303 192
37 304
20 334
463 572
83 33
330 499
62 520
513 406
529 565
173 206
570 469
396 17
415 68
252 522
34 18
39 320
217 82
470 209
105 523
595 73
436 174
220 159
539 464
609 473
69 148
105 332
504 219
526 246
338 577
372 309
523 491
442 251
181 111
508 587
17 496
561 215
216 118
195 526
468 143
560 143
418 202
426 527
6 592
557 26
190 91
61 611
127 114
277 20
168 98
323 431
581 276
220 67
273 394
585 25
8 592
604 602
80 233
430 330
118 317
87 374
158 324
374 21
345 489
385 530
310 420
546 25
174 310
252 122
592 90
259 352
461 437
8 43
243 204
157 467
464 411
576 105
581 243
461 546
136 16
317 242
139 42
298 279
582 164
582 568
280 284
584 593
351 576
430 413
106 257
21 231
495 467
215 425
478 135
6 392
430 372
327 246
77 506
356 237
363 542
378 118
371 56
134 396
77 605
607 242
236 461
120 552
193 494
227 520
395 286
335 215
385 367
186 140
341 343
578 390
394 8
3 230
238 81
124 69
456 316
322 480
283 120
239 5
593 524
521 563
421 412
11 217
383 438
138 57
250 596
246 499
544 263
307 64
339 475
155 528
300 161
250 326
433 243
580 183
132 552
516 577
166 149
566 454
411 386
397 469
436 445
46 60
480 223
133 71
160 464
442 402
370 241
136 20
76 576
413 347
483 263
544 293
518 52
202 191
283 35
199 374
214 108
233 414
201 223
400 342
149 28
153 97
93 356
433 442
440 477
75 404
546 163
239 60
40 271
582 146
599 132
60 522
150 287
574 468
562 435
377 288
530 330
163 131
574 347
575 218
449 563
47 43
1 265
356 557
422 417
489 184
473 110
295 208
342 216
297 127
133 601
561 365
410 607
585 55
611 94
266 216
216 79
401 82
417 532
72 224
283 563
499 135
61 4
389 448
116 110
585 212
496 326
237 146
147 71
331 203
425 41
474 195
255 336
202 472
213 336
561 379
379 430
97 533
336 19
544 506
213 135
455 91
385 2
362 266
207 603
280 140
74 438
440 337
498 610
127 398
97 155
265 480
470 315
188 205
536 104
353 284
454 330
31 517
48 268
289 72
470 341
455 547
22 596
34 162
586 424
51 77
274 88
98 416
419 206
360 33
262 286
551 115
333 604
160 150
160 607
160 187
611 204
233 587
176 229
199 169
203 49
565 510
10 123
239 495
260 558
326 552
108 432
26 104
181 205
52 460
612 44
120 257
425 263
256 384
495 300
516 437
408 604
560 101
531 587
442 198
225 112
104 510
526 103
121 260
192 480
153 416
376 338
243 333
33 482
576 88
82 21
134 155
78 236
75 113
337 557
414 517
401 5
255 417
113 163
510 590
240 452
26 151
288 201
492 587
171 473
362 106
612 192
309 425
572 252
417 292
121 411
179 342
306 258
159 208
63 10
551 386
281 174
475 470
196 436
559 179
249 480
228 493
193 219
598 103
327 59
411 453
86 16
581 472
309 155
378 192
367 516
268 357
350 525
6 67
175 39
152 6
200 199
540 4
392 389
292 20
186 480
331 29
438 389
191 141
164 463
2 312
121 73
300 548
219 120
94 123
262 110
205 601
99 540
575 318
75 482
541 467
33 417
51 152
579 487
479 431
596 549
14 239
301 562
464 54
133 102
280 17
525 361
352 428
594 367
37 511
558 384
62 403
426 428
556 442
308 512
216 150
583 354
481 48
578 262
461 552
554 152
199 335
460 117
307 600
39 162
174 536
102 511
352 519
173 150
399 489
224 167
196 155
34 294
134 234
545 133
362 194
297 254
9 497
374 256
201 54
66 263
265 71
468 149
600 16
426 447
212 460
435 175
484 127
479 505
406 121
44 344
363 537
97 349
65 260
335 315
478 144
206 569
275 108
608 444
554 142
352 236
252 390
503 37
574 31
397 145
586 584
89 468
288 507
333 466
145 137
101 514
292 111
215 341
192 128
535 583
435 206
482 25
428 527
531 63
200 213
523 473
78 427
602 485
391 293
557 83
70 292
328 127
495 303
291 61
9 565
191 120
426 68
171 102
339 24
207 184
269 64
92 419
136 164
459 105
370 476
57 119
25 569
514 55
460 306
357 174
159 223
93 39
553 46
218 499
523 131
391 258
335 586
574 430
36 299
581 80
181 468
609 379
444 30
141 24
254 41
441 430
330 278
269 428
478 553
521 172
571 115
41 292
159 191
572 61
33 450
214 571
396 446
202 268
134 105
279 87
65 257
214 340
508 186
423 34
41 138
122 157
473 510
416 21
17 327
527 583
121 32
381 400
600 193
223 419
607 112
325 569
426 562
422 155
47 57
495 63
258 597
175 246
575 244
264 512
573 443
63 338
125 556
291 550
447 20
240 136
362 162
295 294
296 540
176 237
583 438
575 54
82 518
304 220
228 467
340 467
588 159
234 15
331 410
292 232
344 309
424 457
52 490
500 534
59 313
233 4
27 98
525 293
171 460
468 252
220 400
603 272
518 103
330 229
447 582
81 149
536 285
585 169
275 455
319 416
429 253
204 209
360 560
173 224
196 437
419 73
330 565
277 487
217 559
79 597
444 418
82 325
109 116
418 377
449 224
22 575
58 355
17 149
123 252
168 593
167 246
483 208
172 122
120 490
43 471
152 114
459 572
492 35
483 500
497 432
472 297
288 388
575 451
236 470
562 174
130 83
492 493
85 588
229 596
467 304
390 201
108 8
154 81
179 336
372 389
480 243
69 471
609 448
132 444
488 517
390 26
404 52
536 480
205 441
216 255
437 90
371 320
95 290
143 513
381 12
119 206
501 479
201 518
3 596
301 289
90 387
7 299
323 193
50 44
332 454
462 341
367 401
594 535
180 269
155 119
105 50
543 478
222 397
383 471
376 308
438 99
588 185
457 389
550 413
341 371
535 294
162 243
376 132
285 108
594 456
366 520
488 10
11 430
543 573
183 263
477 541
457 411
448 75
122 221
120 532
422 210
598 131
376 110
73 188
183 514
438 388
155 185
261 339
470 20
556 135
286 400
416 136
302 149
137 384
69 28
557 537
26 402
469 542
50 399
595 52
243 325
188 67
539 414
407 605
607 449
579 352
393 254
406 315
543 305
63 555
116 275
514 261
405 37
213 368
221 50
33 338
122 225
601 330
559 605
173 232
11 314
140 402
229 285
350 17
294 223
440 301
338 279
231 288
442 271
474 531
320 543
566 289
410 34
398 187
222 44
331 517
317 160
568 571
52 269
292 534
258 558
287 277
131 376
362 587
74 428
148 229
176 551
354 512
377 108
362 368
115 93
0 414
434 250
222 386
415 176
612 331
225 9
240 28
508 198
136 312
447 416
82 143
536 309
467 50
575 499
589 5
333 23
604 346
298 32
583 90
217 104
385 344
175 384
25 301
59 67
492 4
197 226
374 208
505 608
480 166
529 95
516 199
7 497
454 509
148 154
307 145
535 452
29 174
571 408
254 328
556 120
19 384
444 374
353 390
311 556
277 467
224 144
261 351
372 141
228 96
471 377
186 243
240 321
308 428
103 38
114 423
515 539
230 133
56 182
137 273
343 540
70 502
88 456
235 427
395 138
106 550
606 47
573 120
231 326
340 451
16 358
302 528
569 288
362 225
566 314
446 373
61 150
169 272
2 299
17 137
563 12
158 548
559 533
510 471
226 573
491 341
459 284
309 606
495 508
408 343
566 463
50 309
497 444
170 426
263 9
22 417
351 80
187 603
30 534
473 227
207 544
481 156
295 162
124 429
366 481
37 411
610 119
311 574
480 507
146 22
99 428
301 246
66 571
82 439
337 292
569 570
532 353
178 390
53 337
39 426
369 404
239 210
501 571
301 597
138 278
507 7
379 211
20 348
99 397
543 160
75 40
201 93
97 224
13 195
545 379
494 343
255 432
168 604
553 108
167 41
552 169
193 457
522 426
233 70
110 489
393 68
279 571
106 55
30 314
155 69
434 556
437 226
176 167
375 587
250 125
169 555
375 126
322 262
595 340
163 474
247 401
343 474
319 75
209 1
496 179
12 464
433 102
564 128
420 410
70 330
560 536
236 606
284 361
459 552
290 273
9 232
164 13
157 206
428 133
23 44
329 333
500 121
10 254
89 520
407 317
484 521
67 528
262 397
192 515
404 156
589 327
160 124
291 318
367 80
242 184
461 139
549 375
601 171
139 538
337 150
140 276
161 579
347 550
406 444
585 312
4 35
83 65
334 210
439 603
329 547
65 582
533 64
448 403
540 9
324 406
339 212
100 360
526 88
528 548
454 371
80 0
369 299
546 403
317 210
540 371
198 183
305 70
495 296
44 294
354 247
136 443
141 408
342 208
492 394
319 117
403 456
224 80
151 309
57 517
487 209
226 583
42 454
548 289
504 599
504 143
272 492
5 40
217 86
427 264
181 404
351 18
527 393
397 372
420 415
126 149
301 244
396 363
151 125
261 438
98 573
226 446
32 594
389 106
477 415
549 506
397 238
317 259
596 386
23 300
298 494
476 395
292 592
227 169
482 549
496 338
208 188
348 321
65 317
500 145
196 357
468 168
248 611
161 74
310 221
189 187
142 342
441 67
184 553
466 439
410 496
507 200
312 380
97 212
306 472
406 456
599 585
243 88
115 312
220 260
369 95
446 75
293 437
510 359
518 537
316 143
170 375
611 543
102 376
481 267
381 115
108 357
194 510
259 174
367 79
91 128
396 411
171 4
220 19
609 396
585 43
99 132
334 106
399 497
564 214
294 142
512 8
220 73
479 464
297 381
198 266
437 394
541 529
423 176
129 115
478 318
398 491
118 35
211 463
536 3
3 500
537 345
388 204
525 337
594 51
248 560
189 348
162 304
476 67
60 206
336 263
2 65
434 379
306 166
307 264
12 228
341 14
294 511
88 352
390 609
466 96
494 10
254 548
225 345
578 528
211 202
476 511
459 307
91 145
30 516
577 345
296 555
13 273
164 297
223 10
466 124
346 374
339 77
49 459
196 525
196 34
155 131
598 211
187 173
587 55
606 336
383 510
359 130
252 151
373 220
23 236
541 289
262 184
285 235
412 411
395 301
181 36
316 597
583 227
602 549
448 213
461 496
516 58
546 402
558 39
201 98
167 402
161 274
502 100
405 546
502 306
310 200
521 82
120 482
318 572
202 188
439 320
514 586
546 271
348 169
339 14
46 224
89 118
255 507
87 350
529 221
570 399
394 392
335 291
252 9
421 151
190 117
347 222
84 75
184 478
395 536
479 360
100 515
58 266
172 431
553 510
83 127
166 379
138 330
162 336
163 288
136 388
201 349
259 218
368 515
179 53
114 410
170 401
27 39
272 385
445 559
558 479
429 351
318 108
409 330
98 30
119 371
484 55
297 200
432 358
320 70
189 9
542 468
90 507
45 216
351 227
523 24
237 214
591 155
455 80
192 312
399 554
482 41
166 182
377 155
192 530
82 105
238 459
506 36
413 543
246 197
271 184
405 13
427 522
41 257
105 120
542 214
140 357
241 146
317 579
425 10
138 128
514 275
302 321
80 312
372 302
444 301
509 147
535 284
499 88
465 553
238 455
307 393
597 31
271 269
280 520
427 567
473 568
111 589
83 232
414 523
339 279
582 482
281 532
258 12
494 177
81 155
197 284
433 402
460 93
199 408
53 241
517 308
322 433
419 469
403 436
586 467
331 592
81 176
163 564
134 578
288 597
528 443
417 9
420 290
66 116
159 318
205 193
446 544
340 449
34 440
13 50
591 230
234 468
290 565
51 344
315 98
237 565
507 64
144 176
72 400
456 82
105 381
47 556
579 410
305 332
210 97
397 162
12 435
361 471
197 307
439 60
61 410
469 557
13 354
381 13
163 133
77 163
187 335
85 324
278 478
473 404
311 76
305 261
122 385
563 345
86 521
152 270
248 305
450 284
384 458
76 532
325 163
70 88
523 351
403 562
418 171
400 347
356 524
441 215
124 73
52 251
388 598
584 288
603 407
82 125
45 381
416 545
191 287
292 332
526 478
498 323
524 476
323 239
452 47
577 362
264 513
9 153
353 13
76 391
584 300
347 564
159 583
130 128
477 305
301 346
430 474
206 422
428 164
436 467
238 476
555 237
433 193
407 480
148 390
431 186
293 355
363 410
352 580
566 119
605 259
389 44
412 529
179 246
75 429
352 152
180 148
15 167
345 53
250 515
131 559
181 42
191 225
317 519
454 248
340 520
330 140
539 36
205 201
401 245
159 74
362 452
593 140
132 491
203 220
192 217
51 370
40 374
570 126
410 46
282 430
574 229
201 97
469 90
246 174
480 332
559 530
34 88
127 435
90 179
105 350
249 116
112 82
146 106
17 459
596 476
307 395
446 433
219 476
441 379
275 334
542 110
115 394
553 266
284 555
609 235
343 538
529 18
303 183
582 180
258 279
531 283
78 212
145 539
250 219
61 231
182 25
119 141
62 432
156 145
593 414
370 340
12 308
593 258
189 238
411 595
483 596
590 355
493 345
537 431
224 475
193 353
376 405
542 587
240 259
195 99
12 170
566 68
281 492
496 35
389 566
349 336
480 282
604 131
467 12
312 30
80 316
555 407
337 354
277 321
410 27
240 149
447 593
403 34
563 28
375 482
211 334
482 49
218 356
472 547
352 207
136 120
423 602
498 543
502 242
137 196
287 459
610 530
394 359
303 528
585 548
488 238
206 172
333 563
387 212
31 143
294 284
201 566
231 38
296 81
602 495
267 314
93 298
22 138
158 502
291 194
558 83
203 438
152 124
516 484
565 196
285 33
582 254
414 244
571 422
85 586
356 446
122 142
571 200
568 564
352 184
387 204
206 409
438 73
570 91
600 291
191 387
134 308
288 182
150 159
262 116
520 425
434 241
46 517
143 235
474 472
522 367
567 381
591 135
282 488
159 66
563 414
390 256
159 314
256 388
488 357
10 163
50 490
284 161
367 301
430 234
337 501
487 602
318 275
496 237
62 510
200 388
385 473
49 180
546 138
66 419
458 332
323 392
520 412
315 485
250 396
89 341
144 31
63 33
89 418
400 539
73 31
247 567
493 325
386 186
49 577
133 74
436 65
286 264
381 308
290 481
524 139
464 99
410 280
76 387
410 230
213 40
293 612
246 198
266 75
229 178
80 203
562 249
58 422
336 180
397 107
98 56
197 378
366 465
348 548
441 4
272 474
574 323
225 481
562 588
328 284
483 143
291 411
144 573
339 414
133 101
599 444
374 230
433 146
31 53
464 61
464 607
488 91
86 284
498 20
598 599
66 91
222 437
109 329
440 155
72 407
496 241
50 530
313 403
69 11
4 329
118 542
375 393
73 277
395 124
592 531
467 36
10 350
294 360
443 551
376 69
363 588
155 494
567 23
255 245
589 174
459 366
352 140
101 354
604 152
82 449
534 261
282 338
46 482
557 422
38 255
507 465
274 215
355 205
48 216
330 108
56 126
388 108
143 178
235 446
11 141
117 287
38 196
433 456
403 302
183 148
375 141
230 376
548 451
56 199
249 318
287 248
446 84
456 169
1 230
20 6
170 425
49 344
328 453
441 438
503 192
470 346
67 477
565 505
145 466
513 377
526 244
454 473
157 547
15 495
373 18
142 431
267 437
47 410
257 166
20 557
174 611
574 79
581 387
23 290
448 80
216 271
579 561
424 100
429 455
181 136
237 449
363 191
129 190
446 87
82 591
312 515
360 7
9 69
451 7
359 466
465 438
66 611
365 66
311 605
288 261
272 202
77 17
301 603
485 411
579 288
166 313
124 283
376 451
180 310
293 16
366 192
64 153
135 498
518 9
404 3
353 262
415 31
166 438
334 602
184 346
234 546
334 362
415 167
579 253
76 271
221 612
8 360
390 507
136 54
440 321
267 374
302 142
58 250
516 205
452 406
565 467
156 130
321 558
54 484
183 599
5 507
87 128
193 590
287 504
534 324
209 471
202 574
217 287
501 360
284 167
533 368
207 586
20 158
296 505
160 72
101 407
329 108
186 281
264 74
162 579
494 534
477 556
160 45
400 580
415 251
342 225
384 486
224 171
21 181
399 486
373 458
330 190
100 599
83 306
405 267
336 297
162 59
302 560
375 3
482 551
81 26
379 463
323 153
225 0
288 396
501 437
356 259
436 484
94 74
95 600
499 507
25 47
137 8
170 85
482 173
116 494
347 350
381 504
292 602
120 162
470 127
0 529
450 217
305 8
79 201
359 589
487 88
73 299
148 9
443 503
530 130
252 284
435 587
14 202
1 374
291 546
131 407
532 206
478 425
408 59
398 242
428 475
419 456
512 563
450 519
437 427
183 90
78 242
29 82
278 607
32 496
284 481
535 540
405 527
579 556
90 361
583 239
607 361
148 468
140 231
114 161
473 460
333 304
117 504
384 26
104 341
388 98
244 26
471 599
97 242
103 397
336 367
39 156
184 306
17 10
556 109
0 359
503 241
59 105
48 595
157 142
523 611
11 347
376 291
400 582
612 69
21 131
79 91
543 23
27 323
195 174
422 24
304 538
599 521
317 96
540 431
223 307
404 65
161 149
411 354
389 239
162 236
592 24
356 227
88 288
562 465
2 44
197 89
158 242
316 554
398 58
491 382
496 119
526 44
144 190
269 531
86 165
38 486
567 62
23 545
427 547
133 488
580 18
11 155
453 38
6 373
306 566
205 533
412 217
165 78
79 139
256 152
164 161
172 393
344 514
196 289
407 449
113 226
4 467
180 172
362 255
138 332
415 227
209 342
475 601
95 44
450 516
371 31
171 590
371 417
334 208
440 37
360 240
51 207
530 488
177 215
571 450
471 459
451 22
537 397
42 580
359 241
242 337
243 377
524 443
194 442
164 156
427 571
151 544
301 587
543 271
11 24
288 292
190 597
197 105
1 394
581 20
24 462
94 204
152 223
589 235
182 163
364 209
368 23
252 211
542 602
59 2
67 496
589 371
159 586
120 571
334 591
91 521
122 222
436 183
552 105
168 14
65 254
178 486
271 3
435 450
509 296
74 7
58 446
577 66
397 443
55 241
120 141
381 56
144 225
524 31
315 334
263 280
347 108
46 57
351 575
282 2
355 148
406 34
316 97
496 308
586 231
205 3
97 591
208 511
131 113
511 188
530 181
408 90
279 81
248 153
520 513
594 314
201 77
14 87
531 75
610 10
174 516
92 229
327 52
542 68
139 6
67 279
512 209
254 181
273 109
418 349
6 494
432 63
257 562
259 300
236 453
184 576
450 487
577 454
234 60
518 333
153 551
338 234
414 187
70 49
235 296
109 510
115 344
55 464
207 610
509 255
475 338
378 214
99 243
61 55
484 455
161 503
117 191
244 25
549 131
532 82
170 459
305 552
411 85
130 338
497 66
180 261
467 17
377 9
98 111
47 49
392 167
276 46
500 75
506 477
223 29
206 252
424 394
288 222
276 375
306 410
422 308
600 56
565 37
65 366
100 545
41 113
509 90
530 519
596 543
146 84
573 26
65 599
513 103
420 440
549 388
251 458
583 467
553 508
196 361
330 41
370 68
474 248
413 296
49 480
210 50
337 165
445 542
299 320
587 523
567 58
356 603
379 270
135 315
174 6
225 146
511 356
253 308
381 21
90 66
224 573
104 128
525 149
233 298
239 481
312 97
89 205
367 90
460 496
265 416
426 388
33 26
218 72
566 411
386 126
1 178
114 97
136 84
419 548
272 108
141 177
586 95
398 563
326 105
231 421
184 528
580 132
277 546
42 120
530 116
478 535
522 530
432 107
377 21
212 573
508 24
233 454
514 442
22 552
421 579
261 60
284 145
282 373
224 337
273 46
393 430
131 328
267 378
560 396
348 250
373 513
452 503
95 203
383 467
134 441
20 394
1 109
351 421
414 41
392 139
70 325
453 27
180 301
21 527
317 542
457 72
268 356
98 124
108 103
2 586
351 408
467 545
90 488
391 123
431 292
22 308
211 18
223 260
571 313
143 312
47 247
295 513
455 483
116 461
239 345
293 285
112 11
510 334
112 349
294 425
165 492
13 498
19 442
42 345
301 387
264 5
301 157
175 441
546 478
73 204
315 580
145 491
582 383
377 414
311 209
387 174
191 292
271 437
40 398
188 442
396 440
373 289
8 149
48 214
413 548
353 299
552 158
218 600
74 421
58 502
216 41
68 204
210 488
588 590
597 499
192 270
74 420
317 382
82 459
473 298
406 468
588 559
609 133
306 603
434 101
399 237
594 593
132 56
609 250
459 348
309 47
270 122
285 38
522 20
480 165
136 434
237 68
271 89
39 485
329 513
579 351
564 377
540 35
25 248
16 45
36 163
531 580
445 169
277 241
5 27
534 170
309 416
540 348
195 419
143 9
57 194
91 331
341 485
20 512
570 424
584 440
234 419
245 518
25 470
89 92
226 426
40 460
541 568
518 239
495 356
360 580
480 610
526 477
219 535
150 599
464 180
2 437
12 36
108 335
518 106
24 542
11 414
353 58
560 66
245 353
411 469
1 420
123 535
576 552
202 432
338 146
537 165
350 403
90 316
37 557
398 238
354 173
174 600
40 447
512 242
282 534
555 477
290 10
530 69
289 537
609 337
10 410
95 78
425 211
11 344
324 179
16 409
226 96
311 610
564 193
457 525
323 178
458 391
278 527
604 70
175 294
2 479
220 370
294 56
287 33
75 508
99 289
439 474
37 50
341 514
135 311
12 269
355 320
3 567
425 19
183 484
368 535
79 13
296 244
329 281
543 79
94 260
475 52
144 581
272 226
3 270
79 603
325 466
56 502
533 514
124 381
552 501
99 411
75 385
454 584
163 462
467 99
500 373
205 140
100 410
302 592
571 530
259 586
363 43
352 486
188 53
463 474
121 509
248 35
378 397
392 573
413 34
259 602
73 385
243 512
479 38
451 122
165 164
232 13
530 58
78 347
328 220
527 161
347 557
436 51
435 415
136 398
557 587
215 351
448 231
249 530
125 599
322 462
9 212
204 527
511 28
381 196
335 141
537 391
9 492
411 528
468 14
452 179
192 392
285 94
118 241
582 11
371 34
245 572
25 373
427 368
472 263
453 395
74 491
193 561
102 85
401 363
609 53
238 307
41 63
75 307
89 538
226 395
385 445
356 243
380 574
393 350
294 520
17 167
518 565
391 46
589 263
469 343
30 395
263 444
15 523
297 299
262 266
555 35
96 323
184 539
451 360
418 23
74 572
437 472
567 474
287 496
137 560
215 331
603 90
603 244
105 119
380 242
558 37
571 19
573 349
137 401
588 467
476 593
23 279
577 98
606 105
488 106
441 266
20 431
104 246
518 403
572 343
365 259
304 328
97 231
32 602
402 21
387 543
406 425
12 363
495 352
596 601
135 536
97 521
396 184
209 329
223 165
586 517
391 244
252 445
239 499
141 489
416 575
391 317
354 64
190 58
584 350
56 322
31 195
133 85
515 346
149 49
362 69
414 480
491 42
343 524
160 530
323 374
573 323
566 606
77 414
485 159
190 529
112 545
19 212
88 501
483 529
103 608
151 83
62 226
359 592
426 313
159 449
370 481
439 13
306 356
224 60
573 383
136 585
62 378
495 252
320 132
36 512
381 496
74 488
184 333
418 134
375 28
564 90
522 207
35 541
30 507
386 156
19 6
342 554
41 203
207 200
35 318
385 459
224 304
583 183
116 56
356 556
532 394
524 323
557 310
494 173
364 186
230 522
254 319
445 487
171 360
267 41
260 566
517 470
354 333
48 180
492 536
194 148
583 26
51 568
437 541
21 524
125 24
341 603
43 153
262 98
289 581
381 343
159 265
403 541
8 347
428 309
202 293
61 355
540 39
149 565
65 106
256 59
71 311
459 223
88 599
568 428
577 213
350 6
165 55
283 560
122 357
96 336
359 387
292 579
199 594
160 428
402 506
513 216
182 453
107 218
557 324
271 483
72 455
168 247
233 416
507 517
362 347
176 461
576 429
507 374
365 506
376 531
63 350
21 366
201 348
364 452
446 48
137 474
140 525
250 205
396 594
195 218
242 336
421 76
424 115
390 202
324 601
38 454
96 29
583 211
596 139
369 411
172 57
31 589
415 611
602 417
361 428
166 171
462 88
51 501
58 337
412 576
55 190
387 126
188 431
510 453
538 2
212 576
96 523
51 221
342 218
72 229
389 606
510 212
135 468
432 71
431 450
609 136
263 507
538 84
45 375
206 538
201 106
532 257
119 469
39 185
6 513
392 493
306 146
204 63
515 23
59 27
404 79
303 370
185 486
80 531
474 552
497 230
254 338
377 97
526 249
515 204
108 305
162 118
22 145
333 279
308 391
450 376
477 92
379 139
137 278
401 525
5 313
201 280
240 507
386 107
72 503
143 475
512 346
505 568
40 321
417 30
199 305
33 144
432 158
467 241
164 265
259 277
566 448
487 330
534 276
33 566
36 380
244 554
216 583
479 69
110 532
518 337
453 589
445 315
362 172
167 435
574 486
52 314
310 230
466 190
196 281
360 335
213 292
534 45
340 329
227 56
318 405
503 578
75 395
468 32
178 152
208 55
197 611
175 558
352 393
561 445
592 364
415 225
145 77
598 282
136 244
37 156
243 123
565 386
319 339
267 111
522 485
49 366
33 564
43 256
455 102
507 306
429 56
17 332
180 555
302 115
467 425
264 190
193 309
94 6
510 461
508 400
67 134
548 64
190 102
272 254
55 38
264 267
136 611
386 103
304 401
136 368
126 306
399 22
105 503
514 270
117 243
160 439
475 600
411 1
612 459
191 452
507 3
584 431
610 79
266 393
15 36
329 81
191 33
9 261
165 41
500 271
292 460
109 424
11 296
588 400
472 178
58 182
9 63
491 607
500 317
490 295
472 447
292 469
478 110
58 184
448 394
73 113
163 43
433 523
338 90
266 141
76 539
337 126
365 406
595 173
139 317
557 98
31 165
410 172
193 119
343 366
89 412
484 213
594 531
502 487
29 314
53 554
442 609
143 402
321 410
573 539
120 200
59 425
227 2
298 97
406 529
250 129
610 29
70 427
95 393
540 440
120 455
14 128
175 220
296 503
107 48
600 496
440 364
130 417
142 411
368 189
164 315
426 157
579 132
266 214
597 541
336 34
126 142
464 518
374 435
549 542
611 192
508 309
475 269
214 521
305 308
213 257
79 205
42 112
251 91
237 154
83 579
110 439
132 483
142 17
29 466
326 352
107 531
432 317
106 567
208 49
487 480
532 400
183 234
249 455
34 445
131 161
499 66
53 608
278 14
284 538
166 298
246 376
317 15
237 85
394 201
571 425
552 514
58 61
588 524
218 435
478 429
254 270
307 451
124 25
35 287
137 204
153 184
461 532
275 373
73 35
556 60
375 301
296 102
149 356
596 193
600 1
368 236
158 445
319 387
320 548
126 21
98 157
574 253
420 367
543 385
404 454
137 549
227 45
335 322
326 99
427 86
171 493
533 532
355 420
353 369
232 478
281 47
485 523
208 162
232 437
352 427
609 147
487 2
122 32
251 349
168 75
401 236
2 348
172 392
252 498
555 288
489 64
539 366
145 545
296 204
82 281
329 299
342 72
81 239
200 308
71 535
194 149
238 200
532 267
209 66
349 19
179 306
560 240
332 165
271 490
271 301
46 319
536 247
520 347
429 77
476 276
587 85
78 201
507 156
334 469
512 298
200 184
42 584
500 571
24 429
372 299
173 162
323 69
595 500
129 0
219 340
95 115
495 451
266 463
304 499
259 143
170 113
606 568
98 118
506 486
188 553
446 546
198 170
356 405
179 146
14 470
169 217
287 81
393 476
176 219
118 2
25 28
370 326
376 356
514 581
133 138
566 129
153 223
63 526
462 324
47 218
248 325
168 94
371 603
219 60
479 261
463 604
342 304
455 574
332 455
106 378
501 127
485 446
449 39
203 568
92 101
49 19
201 263
271 605
240 123
504 229
286 540
228 420
377 536
175 54
505 174
38 129
501 332
477 288
138 348
40 308
276 541
611 454
385 464
94 516
77 512
114 345
474 399
538 225
339 111
98 228
350 507
487 149
173 484
274 548
200 243
494 105
332 122
217 6
295 0
396 208
537 404
433 378
272 384
539 417
466 60
512 521
179 456
430 480
58 519
28 272
480 195
373 241
46 584
224 8
37 496
512 280
330 273
376 147
525 506
61 40
426 126
523 582
400 90
191 422
547 549
10 8
74 185
469 35
604 377
3 88
458 264
85 193
402 301
135 322
266 586
531 429
273 575
150 534
355 394
92 597
480 514
59 599
41 249
237 93
448 96
312 289
582 147
606 175
259 528
416 264
50 300
319 518
291 188
182 590
469 244
587 430
529 98
437 169
581 44
269 343
253 402
223 401
9 278
243 50
397 356
401 327
311 474
314 582
79 301
463 192
505 602
112 201
202 248
287 70
86 410
274 45
600 448
215 429
483 497
421 370
400 219
520 555
227 126
521 576
398 372
116 596
243 307
34 145
569 332
525 247
147 425
295 10
576 465
133 251
139 498
74 64
470 442
367 289
257 331
416 559
325 302
585 52
539 161
601 186
543 467
17 344
134 2
577 3
166 477
166 474
123 452
530 60
536 93
546 289
147 89
595 461
312 301
464 392
410 141
391 503
401 377
508 93
381 407
218 462
486 499
302 369
243 65
532 473
583 545
607 0
251 291
247 159
308 458
419 43
583 37
528 145
4 19
180 153
296 312
239 200
78 264
429 216
357 381
524 608
340 57
411 581
137 162
170 559
75 153
342 173
350 71
529 142
102 165
236 203
438 70
103 181
287 227
176 401
465 265
588 378
181 341
250 155
580 505
257 291
133 520
562 142
568 96
366 497
478 51
286 222
507 87
25 205
607 192
403 32
528 606
317 384
430 475
315 319
198 524
277 388
542 315
445 478
163 230
595 267
310 130
269 494
112 323
351 437
578 2
311 596
133 388
325 512
602 570
178 42
158 503
395 179
179 435
416 229
418 372
484 572
307 505
75 144
349 345
14 97
2 372
407 41
137 31
307 587
72 194
113 260
202 464
182 429
235 580
108 248
599 54
309 488
400 31
545 356
429 597
473 340
442 349
427 329
185 521
397 106
28 539
342 466
319 156
357 191
248 456
472 296
372 587
372 502
557 241
199 53
430 71
19 463
60 438
35 589
11 443
374 410
367 321
536 347
447 480
66 148
105 564
560 403
147 59
321 336
561 137
46 17
332 612
154 474
318 267
378 128
59 165
497 398
577 490
82 56
458 44
171 22
388 117
496 361
188 542
501 502
177 295
598 457
49 283
411 127
100 79
319 85
66 299
13 414
314 595
594 409
183 106
230 275
257 205
36 439
477 457
492 62
453 218
318 383
14 496
266 47
600 44
501 603
568 389
263 106
6 171
91 100
80 218
170 586
437 12
370 359
186 244
512 442
229 365
583 370
393 601
490 151
345 274
34 324
272 501
68 300
164 207
594 589
462 349
80 465
5 172
3 265
443 4
174 522
597 219
238 331
530 93
518 424
398 518
105 88
448 91
444 108
314 532
397 446
422 384
27 437
504 95
130 314
78 562
143 601
416 410
543 140
576 451
563 422
258 210
220 106
436 143
505 524
611 489
495 611
578 276
253 435
323 469
51 354
431 496
583 118
81 130
413 484
606 7
520 310
566 576
100 210
119 344
431 317
583 417
404 5
376 168
131 114
540 455
130 286
460 579
512 496
530 172
586 465
188 168
392 82
478 608
294 307
612 538
320 295
600 222
176 206
194 516
37 587
376 300
87 214
269 254
226 309
329 428
68 198
435 100
210 536
117 553
136 602
326 572
449 513
247 469
100 406
31 611
426 470
173 65
381 428
250 490
40 58
129 294
607 85
500 585
438 297
591 368
166 252
197 361
14 384
582 479
249 374
132 310
402 25
212 90
343 262
405 456
46 542
60 435
467 542
164 415
591 261
579 505
582 362
478 308
373 568
218 607
477 470
20 452
576 449
290 517
459 69
404 217
46 348
528 564
329 221
262 330
459 543
337 549
211 204
483 502
439 489
190 193
485 87
525 474
366 278
349 3
319 491
195 122
296 549
585 284
8 530
78 567
81 11
575 359
312 593
217 145
280 128
316 278
85 211
178 44
583 399
150 510
147 279
270 466
481 587
507 388
180 323
356 525
10 505
501 589
381 524
205 451
394 48
394 491
383 508
509 280
50 112
371 186
528 398
353 38
269 572
421 327
107 439
18 440
115 227
237 179
232 367
44 248
534 527
551 146
430 401
365 149
116 318
156 452
176 173
193 149
102 400
450 165
265 375
556 119
283 228
523 297
412 90
456 462
559 261
3 39
418 169
268 164
185 23
224 415
23 540
344 428
457 335
481 404
215 333
467 114
530 567
329 8
510 467
549 334
254 539
323 59
347 367
249 452
26 256
174 397
603 605
411 67
542 7
130 21
608 48
519 320
457 101
524 243
474 611
212 550
301 566
260 386
62 383
557 417
491 562
311 307
207 467
437 21
523 307
118 568
155 92
274 449
590 19
463 254
515 448
141 485
54 131
460 323
50 358
386 427
48 337
112 77
410 601
345 480
229 233
514 528
279 424
11 380
509 561
210 420
55 35
482 68
497 538
81 48
273 5
286 566
259 519
168 340
99 541
147 363
171 53
323 591
46 228
354 562
291 212
538 74
257 174
8 384
135 302
270 300
361 278
410 6
168 566
214 544
188 600
390 289
55 554
89 48
434 193
222 188
9 411
229 286
510 519
89 19
194 117
522 495
33 269
565 302
3 97
73 499
510 53
337 173
405 537
367 9
73 203
139 211
41 535
225 85
330 191
274 529
286 76
49 580
312 310
200 460
396 179
295 149
347 87
258 411
250 357
369 559
249 297
451 494
179 365
596 219
237 52
481 85
325 217
209 65
133 60
216 421
272 212
512 235
205 96
433 335
258 54
233 588
216 104
176 9
47 441
388 600
358 177
445 425
367 607
346 461
611 558
130 312
501 269
1 562
321 351
65 129
226 508
273 475
132 85
579 411
176 512
485 203
220 32
481 113
529 291
337 578
317 263
115 190
36 444
172 177
380 274
502 189
611 59
552 264
539 271
514 127
399 239
26 507
181 463
358 207
425 313
341 451
273 178
354 94
378 261
373 200
300 103
50 257
380 148
130 321
367 421
219 236
574 428
59 344
368 448
206 190
171 563
262 370
595 426
479 400
550 302
56 518
269 252
525 327
311 592
430 237
605 447
298 592
550 30
598 390
595 539
94 110
126 74
504 327
507 172
470 186
294 49
23 494
64 375
443 418
21 94
211 374
482 541
533 105
68 93
58 460
34 427
228 82
471 254
292 289
7 243
165 310
62 421
428 113
547 284
478 361
330 475
363 455
28 356
31 320
169 324
123 226
556 148
485 228
570 120
558 186
573 49
575 125
551 483
588 205
218 110
80 252
161 351
503 233
218 24
386 588
448 569
457 86
281 341
482 565
548 296
187 59
73 370
253 128
508 113
601 199
370 611
370 60
538 424
79 338
298 98
126 331
466 169
401 308
243 11
294 181
177 592
537 20
385 110
267 114
163 608
398 15
281 391
551 512
134 239
347 341
1 325
142 89
88 498
554 215
579 123
229 288
560 384
596 106
344 356
126 446
500 421
461 218
9 67
477 301
527 150
7 284
331 450
173 154
184 441
36 611
365 608
534 408
355 551
183 390
187 479
537 386
260 415
53 41
340 522
46 241
138 529
179 347
132 59
23 559
252 530
230 470
293 157
556 260
396 391
11 460
81 605
99 506
460 216
14 424
511 393
474 592
254 16
178 425
113 257
516 124
355 480
77 556
460 149
487 365
228 144
571 35
600 487
151 262
259 51
227 192
256 127
555 309
72 281
72 112
26 166
342 156
464 424
97 461
346 56
460 569
528 317
98 436
513 60
138 475
75 177
203 144
28 136
431 542
436 226
326 518
549 564
394 286
331 21
368 584
404 385
474 29
387 2
369 83
166 130
474 198
517 158
362 143
585 318
459 119
166 15
58 397
87 422
96 246
9 294
382 276
354 262
239 254
52 161
135 168
329 276
7 223
162 551
193 568
604 410
364 18
296 333
320 411
469 186
42 33
283 253
148 410
1 452
86 5
525 244
414 530
302 249
336 265
447 219
58 213
249 291
328 549
198 469
421 394
418 344
469 475
155 65
447 229
155 498
489 480
573 173
199 36
570 586
360 37
564 43
423 475
469 151
154 282
371 535
365 436
136 397
510 214
564 162
236 26
211 247
520 410
96 307
37 413
339 125
539 316
610 549
107 321
297 467
370 363
491 208
107 451
278 333
481 90
529 538
141 293
146 75
227 361
321 498
135 295
335 541
202 497
77 495
444 325
78 406
178 375
227 214
395 269
124 412
612 480
136 14
41 318
459 556
263 601
240 455
290 130
52 178
59 289
524 19
304 43
546 191
334 241
10 435
338 296
254 90
366 279
389 213
183 604
447 212
579 179
423 573
342 447
434 380
6 143
408 145
282 200
572 580
198 138
8 537
180 521
268 318
609 564
138 523
415 409
259 210
171 122
148 259
547 482
142 242
388 260
527 296
431 551
62 423
82 555
466 148
520 563
64 543
533 424
556 520
296 563
482 401
4 518
10 506
538 434
333 39
56 163
149 527
207 157
551 126
564 179
16 184
74 481
365 153
89 437
493 458
505 368
253 412
134 597
362 475
418 335
134 424
387 95
342 381
244 223
201 519
203 567
417 393
47 216
488 427
477 277
556 194
23 253
457 459
459 487
31 543
561 524
212 114
166 120
169 406
211 64
26 579
500 86
349 294
311 228
222 483
478 480
527 512
37 425
327 533
488 81
419 35
333 532
291 113
322 303
168 89
153 498
101 399
311 593
338 150
537 320
10 54
532 66
490 224
82 598
52 569
283 367
144 281
329 284
67 233
603 465
450 127
559 556
310 531
244 416
592 308
171 65
250 389
84 604
473 297
340 315
197 434
55 496
160 432
518 276
475 14
65 165
256 30
296 424
134 85
586 525
459 300
168 577
209 210
321 567
600 234
230 582
270 240
256 553
77 559
320 159
584 264
596 168
425 297
30 28
549 181
293 296
458 516
37 274
215 452
233 325
327 1
494 498
461 570
258 207
3 196
385 55
204 365
298 80
393 72
599 594
467 128
208 358
579 264
375 381
48 543
292 555
217 455
101 59
292 110
198 451
513 294
380 38
441 343
256 52
165 527
410 338
356 422
136 112
501 527
170 514
263 524
37 85
138 258
103 230
179 525
29 48
197 225
11 399
553 516
163 432
105 421
199 400
4 477
186 238
228 193
422 609
296 488
91 184
268 333
190 454
75 567
203 213
112 91
580 144
160 278
80 254
581 598
195 335
590 421
421 395
219 326
21 407
452 374
353 498
13 30
332 413
421 609
206 555
598 533
591 348
80 337
192 369
337 265
179 404
80 347
451 431
332 374
278 220
446 594
590 267
467 384
